# total_frames:1 beg:0 end:0 stride:1 interaction_types:hp,sb,pc,ps,ts,vdw,hb
# Columns: frame, interaction_type, atom_1, atom_2[, atom_3[, atom_4]]
0	sb	A:GLU:531:OE1	A:LYS:514:NZ
0	sb	A:GLU:562:OE2	A:LYS:638:NZ
0	sb	A:ARG:756:NH1	A:GLU:728:OE2
0	sb	A:ARG:756:NH2	A:ASP:753:OD1
0	sb	A:ARG:744:NH1	A:GLU:670:OE1
0	sb	A:GLU:533:OE1	A:LYS:536:NZ
0	sb	A:ARG:470:NH2	A:ASP:468:OD2
0	sb	A:ARG:646:NH2	A:ASP:623:OD2
0	sb	A:ARG:744:NH1	A:GLU:670:OE2
0	sb	A:GLU:562:OE1	A:LYS:638:NZ
0	sb	A:ARG:661:NH1	A:GLU:692:OE1
0	sb	A:ASP:468:OD2	A:LYS:536:NZ
0	sb	A:ARG:470:NH2	A:ASP:468:OD1
0	sb	A:ARG:627:NH2	A:ASP:623:OD1
0	sb	A:GLU:752:OE2	A:LYS:748:NZ
0	sb	A:GLU:531:OE2	A:LYS:514:NZ
0	sb	A:ARG:744:NH2	A:GLU:670:OE1
0	sb	A:ASP:501:OD2	A:LYS:504:NZ
0	sb	A:ARG:756:NH2	A:GLU:728:OE2
0	sb	A:ARG:570:NH2	A:GLU:571:OE2
0	sb	A:GLU:533:OE2	A:LYS:536:NZ
0	sb	A:ARG:744:NH2	A:GLU:670:OE2
0	sb	A:ARG:477:NH2	A:ASP:476:OD2
0	pc	A:ARG:627:NH2	A:TRP:666:CD2
0	pc	A:LYS:721:NZ	A:TYR:730:CE1
0	pc	A:LYS:617:NZ	A:TYR:613:CE1
0	pc	A:LYS:714:NZ	A:PHE:673:CE1
0	pc	A:ARG:576:NH2	A:TYR:572:CE1
0	pc	A:ARG:475:NH1	A:TYR:558:CE1
0	pc	A:HIS:541:ND1	A:TYR:613:CE1
0	pc	A:ARG:576:NH1	A:TYR:572:CE1
0	pc	A:ARG:627:NH1	A:TRP:666:CD2
0	pc	A:ARG:675:NH2	A:TYR:653:CE1
0	pc	A:HIS:541:NE2	A:TYR:613:CE1
0	pc	A:ARG:475:NH2	A:TYR:558:CE1
0	ps	A:HIS:541:CD2	A:TYR:613:CE1
0	vdw	A:ARG:470:NH1	A:SO4:802:O2
0	vdw	A:ARG:470:CD	A:SO4:802:O2
0	vdw	A:ARG:470:CD	A:SO4:802:O3
0	vdw	A:ARG:470:CD	A:SO4:802:O4
0	vdw	A:ARG:470:CD	A:SO4:802:S
0	vdw	A:HOH:908:O	A:HOH:921:O
0	vdw	A:HOH:908:O	A:SER:742:C
0	vdw	A:HOH:908:O	A:SER:742:O
0	vdw	A:HOH:908:O	A:SER:742:CA
0	vdw	A:HOH:921:O	A:HOH:951:O
0	vdw	A:GLN:680:NE2	A:HOH:921:O
0	vdw	A:HOH:901:O	A:HOH:921:O
0	vdw	A:GLN:680:CD	A:HOH:921:O
0	vdw	A:HOH:906:O	A:SER:616:CB
0	vdw	A:HOH:906:O	A:SER:616:OG
0	vdw	A:HOH:906:O	A:LYS:617:CE
0	vdw	A:ALA:615:O	A:HIS:679:CE1
0	vdw	A:HIS:679:CD2	A:HOH:933:O
0	vdw	A:HOH:933:O	A:THR:678:CA
0	vdw	A:HOH:933:O	A:THR:678:C
0	vdw	A:HOH:933:O	A:THR:678:CB
0	vdw	A:HIS:679:N	A:HOH:933:O
0	vdw	A:HIS:679:CG	A:HOH:933:O
0	vdw	A:ILE:538:C	A:TYR:613:OH
0	vdw	A:ILE:538:O	A:TYR:613:OH
0	vdw	A:GLY:539:CA	A:TYR:613:OH
0	vdw	A:GLY:539:C	A:TYR:613:OH
0	vdw	A:GLY:539:O	A:TYR:613:OH
0	vdw	A:CYS:619:N	A:LEU:614:O
0	vdw	A:HOH:941:O	A:LYS:540:N
0	vdw	A:HOH:941:O	A:LYS:540:CB
0	vdw	A:ILE:538:O	A:LYS:617:CG
0	vdw	A:ILE:538:O	A:LYS:617:CD
0	vdw	A:ILE:538:O	A:TYR:613:CE2
0	vdw	A:ILE:538:O	A:TYR:613:CZ
0	vdw	A:LYS:536:CG	A:TRP:471:NE1
0	vdw	A:LEU:547:CD2	A:LYS:536:CG
0	vdw	A:ARG:470:O	A:HOH:925:O
0	vdw	A:LYS:536:CD	A:TRP:471:CD1
0	vdw	A:LYS:536:CE	A:TRP:471:CD1
0	vdw	A:LYS:536:CG	A:TRP:471:CD1
0	vdw	A:ASP:468:CG	A:LYS:536:NZ
0	vdw	A:ASP:468:OD2	A:LYS:536:CD
0	vdw	A:ASP:468:OD2	A:LYS:536:CE
0	vdw	A:ASP:468:OD2	A:LYS:536:NZ
0	vdw	A:ASP:468:O	A:HOH:916:O
0	vdw	A:ASP:468:N	A:HOH:916:O
0	vdw	A:ASP:468:CB	A:HOH:916:O
0	vdw	A:GLN:553:NE2	A:GLU:467:N
0	vdw	A:GLN:553:NE2	A:GLU:467:CG
0	vdw	A:GLN:553:NE2	A:LEU:465:O
0	vdw	A:GLN:553:CG	A:GLU:467:CG
0	vdw	A:GLN:553:CD	A:GLU:467:CG
0	vdw	A:GLN:553:CD	A:LEU:465:O
0	vdw	A:GLU:467:CD	A:HOH:939:O
0	vdw	A:GLU:467:OE1	A:HOH:939:O
0	vdw	A:GLU:467:OE2	A:HOH:939:O
0	vdw	A:GLN:553:CG	A:GLU:467:CD
0	vdw	A:GLN:553:CD	A:GLU:467:CD
0	vdw	A:GLN:553:CG	A:GLU:467:OE1
0	vdw	A:ARG:744:O	A:HOH:901:O
0	vdw	A:HOH:901:O	A:SER:742:C
0	vdw	A:HOH:901:O	A:SER:742:O
0	vdw	A:GLN:743:CB	A:HIS:738:CG
0	vdw	A:GLN:743:CB	A:HIS:738:CD2
0	vdw	A:GLN:743:CB	A:HIS:738:CE1
0	vdw	A:GLN:743:CB	A:HIS:738:NE2
0	vdw	A:GLU:612:OE2	A:LYS:748:CA
0	vdw	A:GLU:612:OE2	A:LYS:748:CG
0	vdw	A:HOH:945:O	A:LYS:748:N
0	vdw	A:HOH:945:O	A:LYS:748:CB
0	vdw	A:HOH:901:O	A:HOH:923:O
0	vdw	A:HOH:923:O	A:HOH:950:O
0	vdw	A:HOH:923:O	A:PRO:745:C
0	vdw	A:HOH:923:O	A:PRO:745:O
0	vdw	A:GLN:680:CA	A:HOH:923:O
0	vdw	A:GLN:680:CB	A:HOH:923:O
0	vdw	A:GLN:680:CG	A:HOH:923:O
0	vdw	A:HOH:923:O	A:VAL:683:CG2
0	vdw	A:HOH:901:O	A:PRO:741:O
0	vdw	A:GLN:680:CB	A:PRO:741:O
0	vdw	A:GLN:680:CG	A:PRO:741:O
0	vdw	A:GLN:680:CD	A:PRO:741:O
0	vdw	A:GLN:680:CG	A:HOH:901:O
0	vdw	A:ARG:744:C	A:HOH:901:O
0	vdw	A:GLU:670:CD	A:PRO:741:CG
0	vdw	A:GLU:670:OE1	A:PRO:741:CG
0	vdw	A:GLU:612:CD	A:HOH:920:O
0	vdw	A:GLU:612:OE1	A:HOH:920:O
0	vdw	A:ARG:609:NE	A:HOH:920:O
0	vdw	A:GLU:612:OE1	A:VAL:751:CG1
0	vdw	A:HOH:920:O	A:VAL:751:CG1
0	vdw	A:GLU:612:CD	A:VAL:751:CG2
0	vdw	A:GLU:612:OE1	A:VAL:751:CG2
0	vdw	A:GLU:612:CA	A:PHE:747:CB
0	vdw	A:HOH:944:O	A:HOH:950:O
0	vdw	A:HOH:944:O	A:PHE:747:CD2
0	vdw	A:HOH:944:O	A:PHE:747:N
0	vdw	A:HOH:945:O	A:PHE:747:N
0	vdw	A:HIS:679:C	A:HOH:950:O
0	vdw	A:HIS:679:CB	A:HOH:950:O
0	vdw	A:HOH:912:O	A:THR:678:OG1
0	vdw	A:GLN:680:OE1	A:PRO:741:CB
0	vdw	A:HOH:912:O	A:ILE:676:C
0	vdw	A:HOH:912:O	A:THR:678:CG2
0	vdw	A:GLU:670:CD	A:HOH:912:O
0	vdw	A:GLU:670:OE1	A:HOH:912:O
0	vdw	A:GLU:670:CG	A:HOH:912:O
0	vdw	A:HOH:912:O	A:ILE:676:O
0	vdw	A:HOH:912:O	A:SER:681:CB
0	vdw	A:HIS:541:CG	A:TYR:613:CB
0	vdw	A:HIS:541:CD2	A:TYR:613:CB
0	vdw	A:ALA:615:CA	A:HIS:679:CE1
0	vdw	A:HIS:679:ND1	A:HOH:913:O
0	vdw	A:HIS:679:CE1	A:HOH:913:O
0	vdw	A:HIS:679:CE1	A:ILE:620:CG1
0	vdw	A:ASP:682:CG	A:HOH:913:O
0	vdw	A:ASP:682:OD2	A:HOH:913:O
0	vdw	A:ILE:620:CG2	A:THR:678:C
0	vdw	A:ILE:620:CG2	A:THR:678:O
0	vdw	A:HOH:912:O	A:THR:678:CB
0	vdw	A:GLU:670:O	A:ILE:676:N
0	vdw	A:ALA:671:CA	A:ILE:676:N
0	vdw	A:LYS:540:O	A:TYR:613:CZ
0	vdw	A:HIS:541:CB	A:TYR:613:CG
0	vdw	A:HIS:541:CG	A:TYR:613:CG
0	vdw	A:HIS:541:CB	A:TYR:613:CD2
0	vdw	A:HIS:541:CB	A:TYR:613:CE2
0	vdw	A:ILE:538:CG2	A:TYR:613:CE2
0	vdw	A:HIS:541:CD2	A:TYR:613:CG
0	vdw	A:HIS:541:CD2	A:TYR:613:CD1
0	vdw	A:CYS:619:O	A:LEU:614:C
0	vdw	A:CYS:619:CA	A:LEU:614:O
0	vdw	A:CYS:619:O	A:LEU:614:O
0	vdw	A:CYS:619:CB	A:LEU:614:O
0	vdw	A:CYS:619:O	A:HIS:679:CE1
0	vdw	A:CYS:619:O	A:HOH:913:O
0	vdw	A:ASP:682:OD2	A:ILE:620:CA
0	vdw	A:ASP:682:OD2	A:ILE:620:CG2
0	vdw	A:ASN:546:OD1	A:LYS:540:CA
0	vdw	A:GLY:539:O	A:HOH:935:O
0	vdw	A:GLY:539:O	A:ILE:544:CD1
0	vdw	A:CYS:619:SG	A:ILE:538:CD1
0	vdw	A:ILE:538:CD1	A:PHE:642:CD1
0	vdw	A:ILE:538:CD1	A:PHE:642:CE1
0	vdw	A:ILE:538:CG2	A:LEU:614:CD2
0	vdw	A:CYS:619:SG	A:PHE:642:O
0	vdw	A:ARG:622:NE	A:TYR:677:CB
0	vdw	A:LEU:547:O	A:LYS:540:NZ
0	vdw	A:ASN:546:CA	A:HOH:935:O
0	vdw	A:HOH:935:O	A:LEU:547:N
0	vdw	A:ASN:546:CB	A:HOH:935:O
0	vdw	A:ASN:546:OD1	A:HOH:935:O
0	vdw	A:GLY:643:CA	A:MET:534:CG
0	vdw	A:GLY:643:C	A:MET:534:CE
0	vdw	A:GLY:643:O	A:MET:534:CE
0	vdw	A:GLY:643:CA	A:MET:534:CE
0	vdw	A:HOH:925:O	A:TRP:471:CZ3
0	vdw	A:LEU:547:CD2	A:TRP:471:CD2
0	vdw	A:LEU:547:CD2	A:TRP:471:CE3
0	vdw	A:LEU:548:C	A:TRP:471:CE3
0	vdw	A:LEU:547:C	A:TRP:471:CZ3
0	vdw	A:LEU:547:O	A:TRP:471:CZ3
0	vdw	A:HOH:948:O	A:LEU:500:O
0	vdw	A:GLY:549:CA	A:TRP:471:O
0	vdw	A:GLY:549:C	A:TRP:471:O
0	vdw	A:ALA:550:N	A:TRP:471:O
0	vdw	A:ALA:550:CB	A:MET:532:SD
0	vdw	A:GLU:472:N	A:HOH:916:O
0	vdw	A:GLU:472:CA	A:HOH:916:O
0	vdw	A:ALA:550:O	A:GLU:472:CA
0	vdw	A:ALA:550:O	A:GLU:472:C
0	vdw	A:GLU:472:OE1	A:THR:552:CG2
0	vdw	A:GLU:472:OE1	A:HOH:916:O
0	vdw	A:LEU:557:CD1	A:THR:552:CG2
0	vdw	A:ILE:529:CG1	A:LEU:465:CD2
0	vdw	A:ILE:529:CD1	A:LEU:465:CD2
0	vdw	A:ILE:529:CG1	A:LEU:557:CD2
0	vdw	A:GLU:472:CD	A:THR:552:OG1
0	vdw	A:GLN:553:N	A:GLU:472:OE2
0	vdw	A:GLU:472:CD	A:THR:552:N
0	vdw	A:CYS:551:CA	A:GLU:472:OE2
0	vdw	A:GLU:472:OE2	A:THR:552:N
0	vdw	A:ALA:550:O	A:GLU:472:CD
0	vdw	A:GLU:472:OE1	A:THR:552:CB
0	vdw	A:GLU:472:OE1	A:THR:552:OG1
0	vdw	A:LEU:465:CD1	A:LEU:557:CD2
0	vdw	A:HOH:922:O	A:PRO:745:CD
0	vdw	A:ASP:735:CG	A:HOH:922:O
0	vdw	A:GLN:743:O	A:HOH:922:O
0	vdw	A:ASP:735:CB	A:HOH:922:O
0	vdw	A:TYR:605:CD1	A:VAL:751:O
0	vdw	A:TYR:605:CE1	A:VAL:751:O
0	vdw	A:ASP:735:CB	A:PRO:745:CD
0	vdw	A:ASP:735:C	A:PRO:745:CD
0	vdw	A:ASP:735:O	A:PRO:745:CD
0	vdw	A:LEU:750:CD2	A:PRO:745:CG
0	vdw	A:ARG:744:CA	A:ASP:735:O
0	vdw	A:ALA:608:O	A:VAL:751:CG2
0	vdw	A:ALA:608:C	A:VAL:751:CG2
0	vdw	A:ALA:608:CB	A:VAL:751:CG2
0	vdw	A:ARG:609:N	A:VAL:751:CG2
0	vdw	A:PRO:745:O	A:VAL:683:CG1
0	vdw	A:PRO:745:O	A:VAL:683:CG2
0	vdw	A:CYS:736:SG	A:VAL:683:CG1
0	vdw	A:ARG:744:CD	A:GLN:680:O
0	vdw	A:ARG:744:CG	A:CYS:736:O
0	vdw	A:ARG:744:CD	A:CYS:736:O
0	vdw	A:ARG:744:CG	A:HIS:738:CB
0	vdw	A:ARG:744:CG	A:ASP:735:O
0	vdw	A:ARG:744:CZ	A:GLU:670:OE1
0	vdw	A:ARG:744:NH2	A:GLU:670:CD
0	vdw	A:ARG:744:NH2	A:GLU:670:OE1
0	vdw	A:ARG:744:NE	A:HIS:738:O
0	vdw	A:ARG:744:CZ	A:TRP:684:CE3
0	vdw	A:ARG:744:CZ	A:HIS:738:O
0	vdw	A:ARG:744:NH2	A:TRP:684:CE3
0	vdw	A:ARG:744:NH2	A:HIS:738:O
0	vdw	A:ARG:744:NH2	A:GLU:670:OE2
0	vdw	A:ARG:609:CD	A:HOH:911:O
0	vdw	A:ARG:609:NH1	A:HOH:911:O
0	vdw	A:ARG:609:CA	A:VAL:751:CG2
0	vdw	A:PHE:747:CE2	A:VAL:683:CG2
0	vdw	A:PHE:747:CZ	A:VAL:683:N
0	vdw	A:PHE:747:CZ	A:VAL:683:CA
0	vdw	A:PHE:747:CZ	A:VAL:683:CG2
0	vdw	A:MET:611:CB	A:PHE:747:CG
0	vdw	A:MET:611:CB	A:PHE:747:CD1
0	vdw	A:MET:611:CB	A:PHE:747:CE1
0	vdw	A:MET:611:CE	A:PHE:747:CE2
0	vdw	A:MET:611:CB	A:PHE:747:CZ
0	vdw	A:MET:611:CE	A:PHE:747:CZ
0	vdw	A:PHE:686:CG	A:PHE:747:CE1
0	vdw	A:ASP:682:CB	A:PHE:747:CE2
0	vdw	A:PHE:686:CB	A:PHE:747:CE1
0	vdw	A:ASP:682:C	A:PHE:747:CZ
0	vdw	A:ASP:682:O	A:PHE:747:CZ
0	vdw	A:ARG:744:NH1	A:GLN:680:C
0	vdw	A:ARG:744:NH1	A:GLN:680:O
0	vdw	A:ALA:668:CB	A:SER:681:CA
0	vdw	A:ARG:744:NH1	A:GLU:670:CD
0	vdw	A:ARG:744:NH1	A:GLU:670:OE1
0	vdw	A:GLU:670:OE1	A:SER:681:CB
0	vdw	A:HIS:541:CD2	A:HOH:937:O
0	vdw	A:ASN:543:CB	A:GLY:610:N
0	vdw	A:GLY:610:CA	A:ILE:639:CG1
0	vdw	A:ASN:543:CB	A:GLY:610:CA
0	vdw	A:ASN:543:O	A:GLY:610:CA
0	vdw	A:ASP:682:OD2	A:MET:611:CE
0	vdw	A:ASP:682:OD1	A:HOH:918:O
0	vdw	A:ASP:682:CG	A:HIS:621:N
0	vdw	A:ARG:622:N	A:ASP:682:OD1
0	vdw	A:ASP:682:OD2	A:ILE:620:C
0	vdw	A:ASP:682:OD2	A:HIS:621:N
0	vdw	A:ASP:682:OD2	A:HIS:621:CA
0	vdw	A:ASP:682:OD2	A:HIS:621:CB
0	vdw	A:ARG:622:CA	A:ASP:682:OD1
0	vdw	A:ASP:682:OD1	A:HOH:915:O
0	vdw	A:HOH:918:O	A:SER:681:C
0	vdw	A:HOH:918:O	A:SER:681:OG
0	vdw	A:ASP:682:N	A:HOH:918:O
0	vdw	A:HOH:918:O	A:SER:681:CB
0	vdw	A:ARG:622:CA	A:HOH:918:O
0	vdw	A:HOH:914:O	A:SER:681:C
0	vdw	A:HOH:918:O	A:TYR:677:CD1
0	vdw	A:ALA:671:CB	A:ILE:676:O
0	vdw	A:ALA:671:CA	A:ILE:676:O
0	vdw	A:HOH:914:O	A:SER:681:CB
0	vdw	A:ALA:668:CB	A:SER:681:CB
0	vdw	A:ARG:675:N	A:GLU:670:O
0	vdw	A:HIS:541:CA	A:HOH:937:O
0	vdw	A:HOH:937:O	A:LYS:542:N
0	vdw	A:HOH:937:O	A:LYS:542:CB
0	vdw	A:ASN:546:OD1	A:HIS:541:N
0	vdw	A:ASN:546:CG	A:HIS:541:O
0	vdw	A:ASN:546:ND2	A:HIS:541:O
0	vdw	A:ASN:546:OD1	A:HIS:541:O
0	vdw	A:ILE:544:CG2	A:LEU:614:CG
0	vdw	A:GLY:610:O	A:ILE:544:CG2
0	vdw	A:LEU:614:CD2	A:PHE:642:CD1
0	vdw	A:ILE:639:CG2	A:LEU:614:CD1
0	vdw	A:LEU:614:CD1	A:PHE:642:CB
0	vdw	A:LEU:614:CD1	A:PHE:642:CG
0	vdw	A:ARG:622:CB	A:TYR:677:CD1
0	vdw	A:ARG:622:CG	A:TYR:677:CG
0	vdw	A:ARG:622:CG	A:TYR:677:CD1
0	vdw	A:ARG:622:CA	A:HOH:915:O
0	vdw	A:ARG:675:CD	A:TYR:653:OH
0	vdw	A:ASN:546:CG	A:GLU:562:OE1
0	vdw	A:ASN:546:ND2	A:GLU:562:OE1
0	vdw	A:ASN:546:ND2	A:GLU:562:OE2
0	vdw	A:ASN:546:ND2	A:LYS:638:NZ
0	vdw	A:ASN:546:ND2	A:GLU:562:CD
0	vdw	A:LWJ:801:C27	A:PHE:642:CD2
0	vdw	A:LWJ:801:C27	A:PHE:642:CE2
0	vdw	A:LWJ:801:C27	A:PHE:642:CZ
0	vdw	A:HIS:621:CD2	A:PHE:642:CB
0	vdw	A:HIS:621:O	A:HOH:905:O
0	vdw	A:ASN:546:CB	A:GLU:562:CD
0	vdw	A:ASN:546:CB	A:GLU:562:OE1
0	vdw	A:ILE:545:O	A:MET:535:CE
0	vdw	A:ASN:546:C	A:MET:535:CE
0	vdw	A:LEU:547:N	A:MET:535:CE
0	vdw	A:ILE:545:O	A:PHE:642:CE2
0	vdw	A:ILE:545:O	A:PHE:642:CZ
0	vdw	A:MET:535:CE	A:VAL:561:CG1
0	vdw	A:GLY:643:N	A:LWJ:801:C27
0	vdw	A:HOH:910:O	A:LEU:548:C
0	vdw	A:HOH:910:O	A:LEU:548:O
0	vdw	A:ILE:560:O	A:LEU:548:N
0	vdw	A:ILE:560:O	A:LEU:548:CA
0	vdw	A:ILE:560:O	A:LEU:548:CB
0	vdw	A:ILE:560:O	A:LEU:547:CD1
0	vdw	A:GLY:549:O	A:ILE:560:O
0	vdw	A:LEU:547:CD1	A:VAL:559:CG1
0	vdw	A:MET:535:SD	A:VAL:561:CG1
0	vdw	A:LWJ:801:N5	A:MET:535:SD
0	vdw	A:LWJ:801:C27	A:MET:535:SD
0	vdw	A:HOH:924:O	A:LYS:504:CA
0	vdw	A:HOH:924:O	A:PRO:505:N
0	vdw	A:HOH:924:O	A:PRO:505:CD
0	vdw	A:HOH:924:O	A:LYS:504:C
0	vdw	A:GLY:549:C	A:ILE:560:CB
0	vdw	A:GLY:549:C	A:ILE:560:CD1
0	vdw	A:ALA:550:N	A:ILE:560:CD1
0	vdw	A:GLY:549:N	A:ILE:560:O
0	vdw	A:GLY:549:O	A:ILE:560:N
0	vdw	A:GLY:549:O	A:ILE:560:CA
0	vdw	A:GLY:549:O	A:ILE:560:CB
0	vdw	A:LEU:528:CG	A:VAL:559:CG2
0	vdw	A:LEU:528:CD1	A:VAL:559:CG2
0	vdw	A:ALA:550:O	A:LEU:473:N
0	vdw	A:ALA:550:CA	A:TYR:558:O
0	vdw	A:ALA:550:C	A:TYR:558:O
0	vdw	A:ALA:550:CB	A:TYR:558:O
0	vdw	A:CYS:551:N	A:TYR:558:O
0	vdw	A:ASP:524:C	A:LEU:516:CD2
0	vdw	A:ASP:524:O	A:LEU:516:CD2
0	vdw	A:LEU:516:CD2	A:LEU:525:CA
0	vdw	A:HOH:943:O	A:PRO:474:CA
0	vdw	A:ARG:475:N	A:HOH:943:O
0	vdw	A:CYS:551:SG	A:LEU:473:O
0	vdw	A:ARG:475:NH2	A:CYS:551:C
0	vdw	A:ARG:475:NH2	A:CYS:551:O
0	vdw	A:ARG:475:NH2	A:CYS:551:CB
0	vdw	A:CYS:551:O	A:LEU:557:CA
0	vdw	A:ARG:475:NH2	A:GLN:553:O
0	vdw	A:ARG:475:NH2	A:GLY:555:C
0	vdw	A:ARG:475:NH2	A:PRO:556:O
0	vdw	A:ARG:475:CZ	A:CYS:551:CB
0	vdw	A:CYS:551:O	A:LEU:557:CD1
0	vdw	A:CYS:551:CB	A:TYR:558:CB
0	vdw	A:CYS:551:O	A:LEU:557:C
0	vdw	A:CYS:551:O	A:TYR:558:N
0	vdw	A:LEU:516:CD1	A:LEU:525:CD1
0	vdw	A:LEU:516:CD1	A:LEU:525:CB
0	vdw	A:ARG:475:NE	A:GLN:553:O
0	vdw	A:ARG:475:CZ	A:GLN:553:O
0	vdw	A:ARG:475:CZ	A:GLY:555:CA
0	vdw	A:ARG:475:CZ	A:GLY:555:C
0	vdw	A:HOH:929:O	A:LEU:760:CG
0	vdw	A:ARG:756:CA	A:HOH:929:O
0	vdw	A:ARG:756:C	A:HOH:929:O
0	vdw	A:ARG:756:CG	A:HOH:929:O
0	vdw	A:ARG:756:O	A:HOH:929:O
0	vdw	A:ALA:759:CB	A:HOH:929:O
0	vdw	A:ARG:756:NH1	A:GLU:728:OE2
0	vdw	A:ARG:756:CZ	A:GLU:728:OE2
0	vdw	A:ARG:756:NH2	A:GLU:728:OE2
0	vdw	A:ASP:755:C	A:HOH:909:O
0	vdw	A:ASP:755:O	A:HOH:909:O
0	vdw	A:ASP:755:OD1	A:HOH:909:O
0	vdw	A:ASP:755:CB	A:TYR:605:CE1
0	vdw	A:ASP:753:CB	A:MET:732:CE
0	vdw	A:LEU:754:CG	A:MET:732:SD
0	vdw	A:LEU:750:CD2	A:MET:732:CG
0	vdw	A:LEU:750:CD2	A:MET:732:SD
0	vdw	A:CYS:736:SG	A:LEU:750:CD2
0	vdw	A:LEU:754:CD2	A:MET:732:CE
0	vdw	A:ILE:757:CD1	A:MET:732:CE
0	vdw	A:ARG:734:O	A:HOH:927:O
0	vdw	A:ARG:718:NH2	A:TRP:737:O
0	vdw	A:TRP:684:CE3	A:TRP:737:C
0	vdw	A:TRP:684:CZ3	A:TRP:737:C
0	vdw	A:TRP:684:CZ3	A:TRP:737:O
0	vdw	A:HOH:927:O	A:TRP:737:C
0	vdw	A:ARG:718:NE	A:TRP:737:O
0	vdw	A:HOH:927:O	A:TRP:737:O
0	vdw	A:ARG:718:CZ	A:TRP:737:O
0	vdw	A:ARG:718:NH2	A:TRP:684:CH2
0	vdw	A:ALA:604:C	A:LEU:754:CD1
0	vdw	A:LEU:750:CD1	A:PHE:686:CD2
0	vdw	A:CYS:736:SG	A:LEU:750:CD1
0	vdw	A:CYS:736:CB	A:VAL:683:O
0	vdw	A:CYS:736:SG	A:VAL:683:O
0	vdw	A:CYS:736:CB	A:GLY:687:CA
0	vdw	A:TRP:684:CE3	A:TRP:737:CA
0	vdw	A:TRP:684:CZ3	A:TRP:737:CA
0	vdw	A:CYS:736:O	A:TRP:684:CA
0	vdw	A:CYS:736:O	A:TRP:684:CB
0	vdw	A:PRO:669:CD	A:TRP:684:CE3
0	vdw	A:PRO:669:CG	A:TRP:684:CZ3
0	vdw	A:PRO:669:CD	A:TRP:684:CZ3
0	vdw	A:ASN:543:CG	A:HOH:911:O
0	vdw	A:ASN:543:OD1	A:HOH:911:O
0	vdw	A:ALA:608:N	A:PHE:686:CE1
0	vdw	A:ALA:608:CB	A:PHE:686:CZ
0	vdw	A:PHE:686:CD1	A:VAL:607:CG1
0	vdw	A:ALA:668:CB	A:TRP:684:CB
0	vdw	A:ALA:668:CA	A:TRP:684:CG
0	vdw	A:ALA:668:CB	A:TRP:684:CG
0	vdw	A:ALA:668:CA	A:TRP:684:CD2
0	vdw	A:PRO:669:CD	A:TRP:684:CD2
0	vdw	A:ALA:668:CA	A:TRP:684:CD1
0	vdw	A:TRP:684:CD2	A:TRP:737:CD1
0	vdw	A:PRO:669:CD	A:TRP:684:CE2
0	vdw	A:PRO:669:CG	A:TRP:684:CH2
0	vdw	A:PRO:669:CD	A:TRP:684:CZ2
0	vdw	A:PRO:669:CD	A:TRP:684:CH2
0	vdw	A:LYS:714:CE	A:PHE:673:CE2
0	vdw	A:LYS:714:CE	A:PHE:673:CZ
0	vdw	A:LYS:714:CE	A:PHE:673:CE1
0	vdw	A:ASN:543:CG	A:GLN:606:O
0	vdw	A:ASN:543:ND2	A:VAL:636:CG1
0	vdw	A:ASN:543:CG	A:MET:637:O
0	vdw	A:ASN:543:ND2	A:MET:637:O
0	vdw	A:ASN:543:ND2	A:GLN:606:CB
0	vdw	A:ASN:543:CB	A:GLN:606:O
0	vdw	A:ASN:543:CB	A:MET:637:O
0	vdw	A:ILE:639:CD1	A:VAL:607:O
0	vdw	A:ILE:639:CD1	A:VAL:607:CG1
0	vdw	A:LEU:624:CD2	A:MET:611:CG
0	vdw	A:LEU:624:CD1	A:MET:611:SD
0	vdw	A:LEU:624:CD2	A:MET:611:SD
0	vdw	A:LEU:624:CG	A:LEU:689:CD1
0	vdw	A:LEU:624:CD1	A:LEU:689:CD1
0	vdw	A:LEU:624:CD2	A:PHE:686:CB
0	vdw	A:HOH:915:O	A:LEU:624:CB
0	vdw	A:HOH:914:O	A:SER:681:O
0	vdw	A:HOH:915:O	A:SER:685:CB
0	vdw	A:HOH:914:O	A:SER:685:OG
0	vdw	A:HOH:915:O	A:SER:685:OG
0	vdw	A:ALA:668:N	A:HOH:914:O
0	vdw	A:ARG:622:C	A:HOH:915:O
0	vdw	A:ASP:623:N	A:HOH:915:O
0	vdw	A:SER:685:CB	A:TRP:666:O
0	vdw	A:SER:685:OG	A:TRP:666:O
0	vdw	A:HOH:914:O	A:MET:667:CA
0	vdw	A:LEU:624:O	A:SER:685:CB
0	vdw	A:MET:667:C	A:TRP:684:CD1
0	vdw	A:ALA:668:N	A:TRP:684:CD1
0	vdw	A:LYS:714:NZ	A:PHE:673:CG
0	vdw	A:LYS:542:C	A:LYS:638:NZ
0	vdw	A:LYS:542:O	A:LYS:638:CE
0	vdw	A:LYS:542:O	A:LYS:638:NZ
0	vdw	A:LYS:542:O	A:VAL:636:CG1
0	vdw	A:LYS:542:O	A:LYS:638:CG
0	vdw	A:ASN:543:C	A:ILE:639:N
0	vdw	A:ASN:543:O	A:ILE:639:N
0	vdw	A:ASN:543:O	A:ILE:639:CG1
0	vdw	A:ILE:544:CA	A:ILE:639:N
0	vdw	A:ASN:543:CA	A:MET:637:O
0	vdw	A:ASN:543:C	A:LYS:638:CA
0	vdw	A:ASN:543:O	A:LYS:638:CA
0	vdw	A:ASN:543:O	A:LYS:638:C
0	vdw	A:ILE:544:CA	A:ILE:639:O
0	vdw	A:HIS:621:CD2	A:ILE:639:CG2
0	vdw	A:ILE:639:CG2	A:MET:611:SD
0	vdw	A:ALA:640:O	A:HIS:621:NE2
0	vdw	A:HOH:915:O	A:LEU:624:N
0	vdw	A:LEU:672:CD1	A:MET:667:SD
0	vdw	A:LEU:672:O	A:TYR:653:CZ
0	vdw	A:LEU:672:O	A:TYR:653:OH
0	vdw	A:ARG:675:NH2	A:TYR:653:CZ
0	vdw	A:ARG:675:NE	A:TYR:653:OH
0	vdw	A:ARG:675:CZ	A:TYR:653:OH
0	vdw	A:ARG:675:NH2	A:TYR:653:OH
0	vdw	A:GLU:562:OE1	A:LYS:638:CE
0	vdw	A:GLU:562:OE1	A:LYS:638:NZ
0	vdw	A:GLU:562:OE1	A:ILE:544:O
0	vdw	A:ILE:544:O	A:LYS:638:NZ
0	vdw	A:GLU:562:CD	A:LYS:638:NZ
0	vdw	A:LYS:638:CE	A:THR:632:CG2
0	vdw	A:ASN:546:N	A:GLU:562:OE1
0	vdw	A:ILE:544:C	A:ILE:639:O
0	vdw	A:ILE:545:N	A:ILE:639:O
0	vdw	A:ILE:544:O	A:LYS:638:CD
0	vdw	A:ILE:544:C	A:LYS:638:CB
0	vdw	A:ILE:544:O	A:LYS:638:CG
0	vdw	A:ILE:545:CG1	A:ILE:639:O
0	vdw	A:ALA:640:N	A:ASN:628:O
0	vdw	A:ALA:640:CA	A:ASN:628:O
0	vdw	A:ALA:640:O	A:HIS:621:CE1
0	vdw	A:ALA:640:O	A:ASN:628:O
0	vdw	A:ASP:641:O	A:HIS:621:CE1
0	vdw	A:ASP:641:O	A:HOH:905:O
0	vdw	A:ARG:646:NE	A:HOH:905:O
0	vdw	A:ARG:646:NH2	A:HOH:905:O
0	vdw	A:HOH:905:O	A:LEU:644:CB
0	vdw	A:ARG:646:NH2	A:ASP:623:CB
0	vdw	A:ARG:646:NH2	A:ASP:623:OD2
0	vdw	A:ASP:623:CB	A:HOH:926:O
0	vdw	A:ARG:646:NH2	A:HOH:926:O
0	vdw	A:ARG:675:NH2	A:TYR:653:CE1
0	vdw	A:ASN:546:O	A:GLU:562:N
0	vdw	A:GLU:562:N	A:LEU:548:CD1
0	vdw	A:GLU:562:CA	A:LEU:548:CD1
0	vdw	A:GLU:562:CA	A:HOH:928:O
0	vdw	A:ILE:545:CG2	A:LWJ:801:C2
0	vdw	A:ILE:545:CG2	A:VAL:561:CB
0	vdw	A:ILE:545:CG2	A:VAL:561:CG2
0	vdw	A:ASN:546:O	A:VAL:561:CA
0	vdw	A:ASN:546:O	A:VAL:561:CB
0	vdw	A:ILE:545:CG2	A:LWJ:801:C23
0	vdw	A:ASP:641:CA	A:LWJ:801:N3
0	vdw	A:ASP:641:CA	A:LWJ:801:C27
0	vdw	A:GLU:531:OE2	A:LWJ:801:C1
0	vdw	A:GLU:531:OE2	A:LWJ:801:N5
0	vdw	A:ASP:641:OD1	A:LWJ:801:C2
0	vdw	A:ASP:641:N	A:LWJ:801:N3
0	vdw	A:ASP:641:N	A:LWJ:801:C4
0	vdw	A:ASP:641:N	A:LWJ:801:C27
0	vdw	A:LWJ:801:C27	A:PHE:642:N
0	vdw	A:ASP:641:CB	A:HOH:926:O
0	vdw	A:HOH:926:O	A:LEU:644:CD1
0	vdw	A:LEU:548:CD1	A:VAL:561:C
0	vdw	A:LEU:548:CD1	A:VAL:561:O
0	vdw	A:ALA:512:N	A:VAL:561:O
0	vdw	A:ASN:546:O	A:VAL:561:C
0	vdw	A:LEU:548:CD1	A:VAL:511:CG1
0	vdw	A:ALA:512:O	A:VAL:561:O
0	vdw	A:HOH:928:O	A:LEU:548:CD1
0	vdw	A:LWJ:801:C24	A:VAL:561:CG2
0	vdw	A:ALA:512:CB	A:VAL:561:CG2
0	vdw	A:LWJ:801:C25	A:VAL:561:CG2
0	vdw	A:ALA:512:O	A:VAL:561:N
0	vdw	A:ALA:512:O	A:VAL:561:CG2
0	vdw	A:LWJ:801:N26	A:VAL:561:CG2
0	vdw	A:LWJ:801:C22	A:VAL:561:CG2
0	vdw	A:GLU:531:CD	A:LYS:514:NZ
0	vdw	A:GLU:531:OE1	A:LYS:514:NZ
0	vdw	A:GLU:531:OE2	A:LYS:514:NZ
0	vdw	A:GLU:531:OE1	A:LYS:514:CE
0	vdw	A:ASN:506:N	A:HOH:924:O
0	vdw	A:ASN:506:CA	A:HOH:924:O
0	vdw	A:ASN:506:CB	A:HOH:924:O
0	vdw	A:ASN:506:C	A:HOH:924:O
0	vdw	A:GLY:499:CA	A:LYS:504:O
0	vdw	A:HOH:903:O	A:LEU:500:N
0	vdw	A:HOH:903:O	A:LEU:500:CB
0	vdw	A:GLY:499:N	A:HOH:903:O
0	vdw	A:ALA:497:O	A:HOH:903:O
0	vdw	A:ARG:507:O	A:HOH:903:O
0	vdw	A:HOH:903:O	A:THR:509:CB
0	vdw	A:HOH:903:O	A:THR:509:OG1
0	vdw	A:ALA:497:CB	A:LEU:478:CD1
0	vdw	A:ILE:560:CG2	A:VAL:511:CB
0	vdw	A:ILE:560:CG2	A:VAL:511:CG2
0	vdw	A:VAL:513:CA	A:VAL:559:O
0	vdw	A:ALA:512:O	A:ILE:560:CA
0	vdw	A:VAL:513:C	A:VAL:559:O
0	vdw	A:LYS:514:N	A:VAL:559:O
0	vdw	A:GLN:491:O	A:LYS:514:C
0	vdw	A:LEU:528:CD1	A:LYS:514:CG
0	vdw	A:LEU:528:CD1	A:LYS:514:CD
0	vdw	A:GLN:491:O	A:LYS:514:CG
0	vdw	A:LYS:514:CG	A:VAL:492:CG2
0	vdw	A:GLY:499:CA	A:PRO:505:CA
0	vdw	A:GLY:499:CA	A:PRO:505:C
0	vdw	A:GLY:499:N	A:PRO:505:O
0	vdw	A:GLY:499:CA	A:PRO:505:O
0	vdw	A:ILE:498:CG2	A:PRO:505:O
0	vdw	A:ARG:477:CB	A:ILE:498:O
0	vdw	A:ARG:507:O	A:ILE:498:CA
0	vdw	A:ARG:507:O	A:GLY:499:N
0	vdw	A:ILE:560:CD1	A:LEU:473:CD2
0	vdw	A:ARG:477:O	A:GLU:496:O
0	vdw	A:ALA:497:CA	A:ARG:477:O
0	vdw	A:ALA:497:C	A:ARG:477:O
0	vdw	A:ARG:477:O	A:ILE:498:N
0	vdw	A:ILE:560:CD1	A:LEU:478:CD2
0	vdw	A:CYS:551:SG	A:LEU:478:CD2
0	vdw	A:CYS:551:SG	A:ILE:560:CD1
0	vdw	A:LEU:478:CD2	A:VAL:513:CG2
0	vdw	A:LYS:514:O	A:TYR:558:CA
0	vdw	A:LYS:514:O	A:TYR:558:C
0	vdw	A:TYR:558:CB	A:VAL:513:CG1
0	vdw	A:LYS:514:O	A:VAL:559:N
0	vdw	A:LEU:516:CG	A:LEU:528:CD2
0	vdw	A:LEU:516:CD2	A:LEU:528:CD2
0	vdw	A:ARG:477:NH1	A:ILE:498:CG2
0	vdw	A:ARG:475:NH1	A:TYR:558:CD2
0	vdw	A:ARG:475:NH1	A:TYR:558:CE2
0	vdw	A:ARG:475:NH1	A:PRO:556:O
0	vdw	A:ARG:475:NH1	A:TYR:558:CZ
0	vdw	A:ARG:475:NH1	A:PRO:556:CD
0	vdw	A:MET:515:CB	A:TYR:558:CD1
0	vdw	A:ARG:475:CZ	A:PRO:556:O
0	vdw	A:GLU:728:CD	A:ILE:757:CG1
0	vdw	A:GLU:728:CD	A:ILE:757:CD1
0	vdw	A:GLU:728:OE1	A:ILE:757:CG1
0	vdw	A:GLU:728:OE1	A:HOH:907:O
0	vdw	A:GLU:728:CB	A:HOH:942:O
0	vdw	A:ALA:759:CA	A:HOH:949:O
0	vdw	A:ALA:759:CB	A:HOH:949:O
0	vdw	A:ILE:757:CG2	A:VAL:601:CG1
0	vdw	A:HOH:907:O	A:ILE:757:CG2
0	vdw	A:ARG:734:NE	A:HOH:927:O
0	vdw	A:VAL:601:CG1	A:VAL:758:CG2
0	vdw	A:VAL:601:O	A:VAL:758:CG2
0	vdw	A:VAL:601:C	A:VAL:758:CG2
0	vdw	A:SER:602:CA	A:VAL:758:CG2
0	vdw	A:LEU:754:CD2	A:MET:732:SD
0	vdw	A:LEU:729:CD2	A:LEU:754:CD2
0	vdw	A:LEU:690:CD1	A:MET:732:CG
0	vdw	A:LEU:690:CD1	A:MET:732:SD
0	vdw	A:ARG:734:C	A:HOH:927:O
0	vdw	A:HOH:938:O	A:TRP:737:CE3
0	vdw	A:ARG:718:CG	A:HOH:927:O
0	vdw	A:ARG:718:CD	A:HOH:927:O
0	vdw	A:ARG:718:NE	A:HOH:927:O
0	vdw	A:ARG:718:CG	A:ARG:734:CZ
0	vdw	A:ALA:604:CB	A:LEU:690:CD2
0	vdw	A:ALA:604:CB	A:ILE:693:CD1
0	vdw	A:GLY:687:CA	A:TRP:737:NE1
0	vdw	A:GLY:687:C	A:TRP:737:CE2
0	vdw	A:GLY:687:C	A:TRP:737:NE1
0	vdw	A:GLY:687:C	A:TRP:737:CZ2
0	vdw	A:TRP:684:O	A:TRP:737:CD1
0	vdw	A:TRP:684:O	A:TRP:737:NE1
0	vdw	A:TRP:737:NE1	A:VAL:688:CG2
0	vdw	A:TRP:684:CE2	A:TRP:737:CD1
0	vdw	A:HOH:938:O	A:TRP:737:CD2
0	vdw	A:HOH:938:O	A:TRP:737:CE2
0	vdw	A:ARG:718:CD	A:TRP:737:CB
0	vdw	A:ARG:718:NE	A:TRP:737:CB
0	vdw	A:HOH:927:O	A:TRP:737:CB
0	vdw	A:ARG:718:CZ	A:TRP:684:CH2
0	vdw	A:GLN:606:CB	A:MET:637:CB
0	vdw	A:GLN:606:CB	A:MET:637:CG
0	vdw	A:ALA:604:O	A:PHE:686:CE1
0	vdw	A:ALA:604:O	A:PHE:686:CZ
0	vdw	A:ALA:604:CA	A:ILE:693:CD1
0	vdw	A:TRP:737:NE1	A:VAL:688:N
0	vdw	A:TRP:666:O	A:TRP:684:CD1
0	vdw	A:SER:685:CA	A:TRP:666:O
0	vdw	A:HOH:902:O	A:TRP:684:NE1
0	vdw	A:MET:667:O	A:TRP:684:NE1
0	vdw	A:HOH:902:O	A:LYS:665:C
0	vdw	A:HOH:902:O	A:LYS:665:O
0	vdw	A:LEU:672:CD2	A:LEU:713:CD1
0	vdw	A:GLN:606:OE1	A:MET:637:N
0	vdw	A:GLN:606:OE1	A:VAL:636:CA
0	vdw	A:GLN:606:OE1	A:VAL:636:C
0	vdw	A:GLN:606:CD	A:MET:637:CG
0	vdw	A:GLN:606:OE1	A:MET:637:CG
0	vdw	A:LEU:689:CD1	A:VAL:607:CG1
0	vdw	A:VAL:607:CG2	A:VAL:629:CG1
0	vdw	A:PHE:686:CE1	A:VAL:607:CG1
0	vdw	A:ALA:625:C	A:LEU:689:CD1
0	vdw	A:LEU:624:O	A:TRP:666:CD1
0	vdw	A:LEU:672:CD2	A:PHE:710:CE1
0	vdw	A:VAL:631:CA	A:VAL:636:O
0	vdw	A:ILE:545:CD1	A:LYS:638:CB
0	vdw	A:LEU:630:O	A:LYS:638:N
0	vdw	A:LYS:638:O	A:VAL:629:CA
0	vdw	A:LEU:569:CB	A:VAL:629:CB
0	vdw	A:LYS:638:O	A:VAL:629:C
0	vdw	A:LEU:630:N	A:LYS:638:O
0	vdw	A:LEU:689:CD1	A:VAL:629:CG2
0	vdw	A:LEU:630:O	A:LYS:638:O
0	vdw	A:LEU:569:CD2	A:VAL:629:CG1
0	vdw	A:ASN:628:ND2	A:ASP:623:O
0	vdw	A:ALA:625:CA	A:TRP:666:CD1
0	vdw	A:LEU:672:CD1	A:VAL:664:CG1
0	vdw	A:TYR:653:CD1	A:VAL:664:CG1
0	vdw	A:LEU:672:CD1	A:VAL:664:CB
0	vdw	A:TYR:653:CG	A:VAL:664:CG1
0	vdw	A:TYR:653:CA	A:VAL:664:CG1
0	vdw	A:PHE:710:CZ	A:TYR:653:CD2
0	vdw	A:LYS:638:CD	A:THR:632:CG2
0	vdw	A:ALA:640:CB	A:ILE:545:CG1
0	vdw	A:ILE:545:CD1	A:LEU:630:CD1
0	vdw	A:ALA:640:CB	A:LEU:630:CD1
0	vdw	A:ALA:640:CB	A:ASN:628:O
0	vdw	A:ASN:628:ND2	A:ASP:623:CG
0	vdw	A:ASN:628:ND2	A:ASP:623:OD2
0	vdw	A:ASP:623:CG	A:HOH:926:O
0	vdw	A:ASP:623:OD2	A:HOH:926:O
0	vdw	A:ASP:623:OD2	A:HOH:931:O
0	vdw	A:GLU:562:C	A:HOH:928:O
0	vdw	A:HOH:928:O	A:TYR:563:N
0	vdw	A:HOH:928:O	A:LYS:510:O
0	vdw	A:HOH:932:O	A:TYR:563:O
0	vdw	A:GLU:562:O	A:LWJ:801:N26
0	vdw	A:ALA:512:CB	A:LWJ:801:N26
0	vdw	A:LEU:630:CD1	A:LWJ:801:C15
0	vdw	A:LEU:630:CD1	A:LWJ:801:C16
0	vdw	A:LEU:630:CD1	A:LWJ:801:C20
0	vdw	A:ALA:495:O	A:LYS:510:C
0	vdw	A:HOH:936:O	A:LYS:510:N
0	vdw	A:TYR:563:CB	A:VAL:511:CA
0	vdw	A:TYR:563:CB	A:VAL:511:C
0	vdw	A:ALA:495:O	A:VAL:511:N
0	vdw	A:ALA:512:CA	A:VAL:493:O
0	vdw	A:ALA:512:CB	A:LWJ:801:C15
0	vdw	A:ALA:497:O	A:VAL:508:CA
0	vdw	A:ALA:497:O	A:VAL:508:C
0	vdw	A:ALA:497:O	A:THR:509:N
0	vdw	A:ALA:497:N	A:THR:509:O
0	vdw	A:GLU:496:C	A:THR:509:O
0	vdw	A:GLU:496:CA	A:THR:509:O
0	vdw	A:LEU:478:CD1	A:VAL:511:CG2
0	vdw	A:ALA:495:CB	A:VAL:511:CG2
0	vdw	A:ALA:495:O	A:VAL:511:CG2
0	vdw	A:ALA:512:C	A:VAL:493:O
0	vdw	A:VAL:493:O	A:VAL:513:N
0	vdw	A:VAL:493:O	A:VAL:513:CA
0	vdw	A:ALA:495:CB	A:VAL:513:CG2
0	vdw	A:GLN:491:O	A:LYS:514:CA
0	vdw	A:VAL:492:CA	A:VAL:513:O
0	vdw	A:VAL:492:C	A:VAL:513:O
0	vdw	A:VAL:493:N	A:VAL:513:O
0	vdw	A:VAL:492:CG1	A:VAL:513:O
0	vdw	A:GLN:491:O	A:MET:515:O
0	vdw	A:ILE:498:CG1	A:VAL:508:CG1
0	vdw	A:GLU:496:O	A:LEU:478:CA
0	vdw	A:GLU:496:O	A:VAL:479:N
0	vdw	A:GLU:496:O	A:LEU:478:C
0	vdw	A:GLU:496:O	A:VAL:479:CA
0	vdw	A:MET:515:SD	A:TYR:558:CE1
0	vdw	A:MET:515:CE	A:TYR:558:CE1
0	vdw	A:GLN:491:O	A:MET:515:N
0	vdw	A:MET:515:CE	A:VAL:493:CG2
0	vdw	A:GLN:491:CB	A:MET:515:O
0	vdw	A:LEU:480:CD1	A:TYR:558:OH
0	vdw	A:GLN:491:OE1	A:LEU:516:O
0	vdw	A:GLN:491:OE1	A:LYS:517:CA
0	vdw	A:ASN:727:N	A:HOH:942:O
0	vdw	A:GLU:728:N	A:HOH:942:O
0	vdw	A:HOH:942:O	A:THR:726:CB
0	vdw	A:ASN:727:N	A:HOH:940:O
0	vdw	A:LYS:598:CG	A:THR:761:O
0	vdw	A:HOH:907:O	A:THR:726:OG1
0	vdw	A:HOH:907:O	A:THR:726:CB
0	vdw	A:LYS:721:CD	A:TYR:730:CB
0	vdw	A:LYS:721:CB	A:TYR:730:CG
0	vdw	A:LYS:721:CD	A:TYR:730:CG
0	vdw	A:MET:719:O	A:TYR:730:CZ
0	vdw	A:LYS:721:N	A:TYR:730:CZ
0	vdw	A:MET:719:O	A:TYR:730:OH
0	vdw	A:LYS:721:CB	A:TYR:730:CD2
0	vdw	A:LYS:721:NZ	A:TYR:730:CD2
0	vdw	A:ARG:718:CB	A:ARG:734:CZ
0	vdw	A:LYS:598:CE	A:VAL:758:O
0	vdw	A:LYS:598:NZ	A:VAL:758:O
0	vdw	A:LYS:598:CD	A:THR:761:O
0	vdw	A:LYS:598:CE	A:THR:761:O
0	vdw	A:LYS:598:NZ	A:THR:761:O
0	vdw	A:LYS:598:CG	A:VAL:758:O
0	vdw	A:LEU:729:CD1	A:VAL:601:CG2
0	vdw	A:LEU:729:CD1	A:PHE:694:CZ
0	vdw	A:MET:733:CE	A:TRP:691:N
0	vdw	A:LYS:721:CA	A:TYR:730:CD1
0	vdw	A:MET:733:CE	A:TRP:691:CA
0	vdw	A:CYS:725:SG	A:MET:733:CE
0	vdw	A:LYS:721:CB	A:TYR:730:CD1
0	vdw	A:MET:719:O	A:TYR:730:CE1
0	vdw	A:ASP:720:C	A:TYR:730:CE1
0	vdw	A:LYS:721:N	A:TYR:730:CE1
0	vdw	A:HOH:938:O	A:TRP:737:CZ3
0	vdw	A:LYS:721:CA	A:TYR:730:CE1
0	vdw	A:ARG:718:CA	A:HOH:938:O
0	vdw	A:HOH:938:O	A:MET:719:N
0	vdw	A:HIS:717:N	A:LEU:712:O
0	vdw	A:HIS:717:CA	A:LEU:712:O
0	vdw	A:HIS:717:CB	A:LEU:712:C
0	vdw	A:HIS:717:CB	A:LEU:712:O
0	vdw	A:HIS:717:CB	A:LEU:712:CB
0	vdw	A:ILE:693:CG2	A:LEU:600:O
0	vdw	A:LEU:690:C	A:MET:733:CE
0	vdw	A:LEU:690:CB	A:MET:733:CG
0	vdw	A:MET:733:CE	A:PHE:694:CD2
0	vdw	A:GLY:687:O	A:TRP:737:CZ2
0	vdw	A:MET:719:CE	A:TRP:737:CZ2
0	vdw	A:MET:719:CE	A:TRP:737:CH2
0	vdw	A:HOH:938:O	A:TRP:737:CH2
0	vdw	A:MET:719:CE	A:TRP:691:CG
0	vdw	A:MET:719:CE	A:TRP:691:CD2
0	vdw	A:HOH:938:O	A:TYR:701:OH
0	vdw	A:CYS:603:SG	A:ILE:693:CD1
0	vdw	A:CYS:603:SG	A:MET:637:SD
0	vdw	A:CYS:603:SG	A:LEU:569:CD2
0	vdw	A:CYS:603:SG	A:LEU:569:CD1
0	vdw	A:TRP:666:CD1	A:VAL:688:CB
0	vdw	A:TRP:666:CD1	A:VAL:688:CG1
0	vdw	A:LEU:709:CD1	A:TYR:701:CE2
0	vdw	A:MET:719:CG	A:TYR:701:CZ
0	vdw	A:LEU:709:CD1	A:TYR:701:CD2
0	vdw	A:LEU:709:CA	A:VAL:704:CG1
0	vdw	A:MET:637:SD	A:VAL:631:CG2
0	vdw	A:LEU:569:CD1	A:MET:637:SD
0	vdw	A:ALA:626:N	A:GLU:692:OE2
0	vdw	A:ALA:626:CB	A:GLU:692:CD
0	vdw	A:ALA:626:CB	A:GLU:692:OE1
0	vdw	A:ALA:626:CB	A:ARG:570:N
0	vdw	A:GLU:692:CD	A:TRP:666:NE1
0	vdw	A:GLU:692:OE2	A:TRP:666:NE1
0	vdw	A:GLU:692:CD	A:TRP:666:CE2
0	vdw	A:GLU:692:CD	A:TRP:666:CZ2
0	vdw	A:GLU:692:OE2	A:TRP:666:CE2
0	vdw	A:ALA:625:CB	A:TRP:666:NE1
0	vdw	A:GLU:692:CD	A:HOH:904:O
0	vdw	A:TRP:666:NE1	A:VAL:688:CG1
0	vdw	A:ARG:627:NH1	A:TRP:666:CD2
0	vdw	A:ARG:627:NH1	A:TRP:666:CE2
0	vdw	A:ARG:627:NH1	A:TRP:666:CE3
0	vdw	A:ARG:627:NH1	A:TRP:666:CZ2
0	vdw	A:PRO:700:CG	A:TRP:666:CZ2
0	vdw	A:PRO:700:CD	A:TRP:666:CZ2
0	vdw	A:GLU:692:OE1	A:TRP:666:CZ2
0	vdw	A:LEU:709:CD2	A:VAL:664:C
0	vdw	A:LEU:709:CD2	A:VAL:664:CG2
0	vdw	A:LEU:709:CD2	A:LYS:665:CG
0	vdw	A:LYS:566:CD	A:THR:632:O
0	vdw	A:TYR:572:CD2	A:VAL:631:CG1
0	vdw	A:TYR:572:CE2	A:VAL:631:CG1
0	vdw	A:GLY:567:O	A:LEU:630:C
0	vdw	A:GLY:567:O	A:VAL:631:N
0	vdw	A:GLY:567:O	A:VAL:631:CA
0	vdw	A:GLY:567:O	A:VAL:631:CB
0	vdw	A:GLY:567:O	A:VAL:631:CG2
0	vdw	A:LEU:569:CB	A:VAL:629:O
0	vdw	A:ALA:626:O	A:LEU:569:CB
0	vdw	A:ASN:568:C	A:VAL:629:O
0	vdw	A:LEU:569:N	A:VAL:629:O
0	vdw	A:LEU:569:CA	A:VAL:629:O
0	vdw	A:ASN:568:CA	A:VAL:629:O
0	vdw	A:ASN:568:CB	A:VAL:629:O
0	vdw	A:ALA:626:O	A:LEU:569:N
0	vdw	A:ALA:626:O	A:LEU:569:CA
0	vdw	A:ALA:625:CB	A:TRP:666:CD1
0	vdw	A:ALA:625:CB	A:TRP:666:CE2
0	vdw	A:ARG:627:NH1	A:TRP:666:CZ3
0	vdw	A:ARG:627:NH2	A:PRO:663:CA
0	vdw	A:ARG:627:NH2	A:PRO:663:CB
0	vdw	A:ARG:627:NH1	A:HOH:930:O
0	vdw	A:ARG:627:NH1	A:TRP:666:CH2
0	vdw	A:HOH:947:O	A:VAL:706:CG2
0	vdw	A:TYR:654:CZ	A:VAL:706:CG1
0	vdw	A:TYR:654:CE2	A:VAL:706:CB
0	vdw	A:TYR:654:CE2	A:VAL:706:CG1
0	vdw	A:LEU:662:CD2	A:VAL:706:CG2
0	vdw	A:GLU:707:CD	A:TYR:654:OH
0	vdw	A:GLU:707:OE1	A:TYR:654:OH
0	vdw	A:GLU:633:N	A:HOH:932:O
0	vdw	A:HOH:932:O	A:THR:632:CA
0	vdw	A:HOH:932:O	A:THR:632:CB
0	vdw	A:HOH:932:O	A:SER:565:N
0	vdw	A:GLU:633:N	A:SER:565:OG
0	vdw	A:HOH:932:O	A:SER:565:OG
0	vdw	A:ALA:564:CB	A:VAL:631:C
0	vdw	A:ALA:564:CB	A:VAL:631:O
0	vdw	A:ALA:564:CA	A:VAL:631:O
0	vdw	A:ALA:564:C	A:VAL:631:O
0	vdw	A:LYS:566:N	A:VAL:631:O
0	vdw	A:LYS:566:CA	A:VAL:631:O
0	vdw	A:LYS:566:CB	A:VAL:631:O
0	vdw	A:ALA:564:CB	A:LEU:630:CB
0	vdw	A:ALA:564:CB	A:LWJ:801:O21
0	vdw	A:ASN:568:N	A:LEU:630:CD2
0	vdw	A:ASN:568:CA	A:LEU:630:CD2
0	vdw	A:GLY:567:O	A:LEU:630:CA
0	vdw	A:GLY:567:C	A:LEU:630:CD2
0	vdw	A:ARG:627:O	A:ASN:568:CB
0	vdw	A:ARG:627:NE	A:HOH:931:O
0	vdw	A:ARG:570:NH1	A:ARG:627:CB
0	vdw	A:LYS:655:O	A:PRO:663:CD
0	vdw	A:PRO:663:CG	A:THR:657:CG2
0	vdw	A:LEU:662:CD2	A:TYR:653:O
0	vdw	A:TYR:653:O	A:VAL:706:CG2
0	vdw	A:GLU:707:OE1	A:TYR:654:CZ
0	vdw	A:ALA:564:N	A:LWJ:801:O21
0	vdw	A:ALA:564:C	A:LWJ:801:N13
0	vdw	A:LEU:494:CD1	A:TYR:563:CD2
0	vdw	A:LEU:494:CD1	A:TYR:563:CE2
0	vdw	A:ALA:564:O	A:LWJ:801:N13
0	vdw	A:LEU:484:CD1	A:LWJ:801:C12
0	vdw	A:ALA:564:O	A:LWJ:801:C7
0	vdw	A:ALA:564:O	A:LWJ:801:C8
0	vdw	A:LEU:484:CB	A:LWJ:801:C14
0	vdw	A:HOH:936:O	A:LYS:510:CB
0	vdw	A:ALA:495:O	A:LYS:510:CA
0	vdw	A:LEU:494:CD1	A:TYR:563:CG
0	vdw	A:LEU:494:CD1	A:TYR:563:CD1
0	vdw	A:LEU:494:CD1	A:TYR:563:CE1
0	vdw	A:LEU:484:CD1	A:TYR:563:CD1
0	vdw	A:LEU:484:CD1	A:TYR:563:CE1
0	vdw	A:LEU:494:CD1	A:VAL:511:O
0	vdw	A:LEU:494:CD1	A:TYR:563:CZ
0	vdw	A:LEU:484:CD2	A:TYR:563:CE1
0	vdw	A:LWJ:801:N13	A:TYR:563:CE1
0	vdw	A:LEU:484:CD1	A:LEU:494:N
0	vdw	A:LEU:484:CD1	A:LEU:494:CA
0	vdw	A:LEU:484:CD1	A:LEU:494:CB
0	vdw	A:GLY:485:N	A:VAL:492:O
0	vdw	A:GLU:496:CG	A:HOH:917:O
0	vdw	A:GLU:496:CD	A:HOH:917:O
0	vdw	A:GLU:496:OE2	A:HOH:917:O
0	vdw	A:HOH:917:O	A:LYS:510:NZ
0	vdw	A:ALA:495:O	A:VAL:511:O
0	vdw	A:LEU:494:C	A:VAL:511:O
0	vdw	A:ALA:495:N	A:VAL:511:O
0	vdw	A:LEU:494:CA	A:VAL:511:O
0	vdw	A:GLY:481:N	A:LEU:494:O
0	vdw	A:ALA:495:CA	A:VAL:479:O
0	vdw	A:ALA:495:C	A:VAL:479:O
0	vdw	A:GLY:481:CA	A:LEU:494:O
0	vdw	A:GLY:481:C	A:LEU:494:O
0	vdw	A:LYS:482:O	A:VAL:493:CA
0	vdw	A:LYS:482:O	A:VAL:493:C
0	vdw	A:LEU:494:N	A:LYS:482:O
0	vdw	A:LEU:494:CA	A:LYS:482:O
0	vdw	A:LEU:484:CG	A:LEU:494:N
0	vdw	A:PRO:483:CA	A:VAL:492:O
0	vdw	A:PRO:483:C	A:VAL:492:O
0	vdw	A:LEU:484:N	A:VAL:492:O
0	vdw	A:LEU:484:CA	A:VAL:492:O
0	vdw	A:GLU:496:N	A:VAL:479:O
0	vdw	A:ALA:495:CB	A:VAL:479:O
0	vdw	A:LYS:482:O	A:VAL:493:CB
0	vdw	A:PRO:483:CA	A:VAL:493:CG1
0	vdw	A:GLN:491:OE1	A:LYS:517:CD
0	vdw	A:ASN:727:ND2	A:HOH:940:O
0	vdw	A:ASN:727:OD1	A:LYS:721:NZ
0	vdw	A:ASN:727:OD1	A:LYS:721:CE
0	vdw	A:SER:597:OG	A:SER:762:O
0	vdw	A:SER:597:C	A:THR:761:CG2
0	vdw	A:SER:597:OG	A:THR:761:CG2
0	vdw	A:LYS:598:N	A:THR:761:CG2
0	vdw	A:LYS:598:CA	A:THR:761:CG2
0	vdw	A:PRO:722:CG	A:TRP:691:CD1
0	vdw	A:ASP:720:O	A:TRP:691:NE1
0	vdw	A:HIS:717:CG	A:LEU:712:CD2
0	vdw	A:LEU:600:CB	A:PHE:694:CE1
0	vdw	A:LEU:600:CD2	A:LEU:696:CD2
0	vdw	A:MET:719:SD	A:TRP:691:CD2
0	vdw	A:ASP:720:O	A:TRP:691:CD1
0	vdw	A:MET:719:SD	A:TRP:691:CE2
0	vdw	A:MET:719:SD	A:PRO:700:CA
0	vdw	A:MET:719:SD	A:PRO:700:CB
0	vdw	A:MET:719:CG	A:TYR:701:CE1
0	vdw	A:GLU:692:O	A:GLY:697:N
0	vdw	A:GLU:692:O	A:GLY:697:CA
0	vdw	A:PRO:700:CA	A:TRP:691:CZ3
0	vdw	A:PRO:700:N	A:TRP:691:CZ3
0	vdw	A:SER:699:C	A:TRP:691:CZ3
0	vdw	A:SER:699:O	A:TRP:691:CZ3
0	vdw	A:GLY:698:C	A:TRP:691:CZ3
0	vdw	A:GLY:698:O	A:TRP:691:CZ3
0	vdw	A:LYS:665:CG	A:TYR:701:CD2
0	vdw	A:LEU:709:N	A:VAL:704:CG1
0	vdw	A:ASN:635:CG	A:TYR:572:OH
0	vdw	A:ASN:635:CG	A:LYS:566:NZ
0	vdw	A:ASN:635:OD1	A:TYR:572:OH
0	vdw	A:ASN:635:OD1	A:LYS:566:CD
0	vdw	A:LEU:595:CD2	A:TYR:572:OH
0	vdw	A:ILE:693:CA	A:LEU:573:CD1
0	vdw	A:ARG:661:NH1	A:HOH:904:O
0	vdw	A:GLU:692:CG	A:HOH:904:O
0	vdw	A:GLU:692:OE1	A:HOH:904:O
0	vdw	A:ARG:661:NH1	A:HOH:930:O
0	vdw	A:GLY:697:C	A:HOH:904:O
0	vdw	A:GLY:697:O	A:HOH:904:O
0	vdw	A:GLY:698:O	A:HOH:904:O
0	vdw	A:ARG:570:CD	A:ARG:661:NH1
0	vdw	A:ARG:661:CZ	A:HOH:904:O
0	vdw	A:GLY:697:CA	A:HOH:904:O
0	vdw	A:ARG:570:CG	A:HOH:904:O
0	vdw	A:PRO:700:CG	A:TRP:666:CH2
0	vdw	A:PRO:700:CD	A:TRP:666:CH2
0	vdw	A:LYS:665:CD	A:PRO:700:O
0	vdw	A:HOH:934:O	A:LYS:665:CD
0	vdw	A:HOH:934:O	A:PRO:700:O
0	vdw	A:LYS:665:CE	A:VAL:704:O
0	vdw	A:LYS:665:NZ	A:VAL:704:C
0	vdw	A:LYS:665:NZ	A:VAL:704:O
0	vdw	A:LYS:665:NZ	A:TYR:701:O
0	vdw	A:HOH:934:O	A:LYS:665:NZ
0	vdw	A:GLU:633:O	A:LYS:566:CE
0	vdw	A:GLU:633:OE2	A:LYS:566:CE
0	vdw	A:ASN:635:OD1	A:LYS:566:CE
0	vdw	A:ASN:635:OD1	A:LYS:566:NZ
0	vdw	A:ARG:570:NH1	A:HOH:930:O
0	vdw	A:ARG:570:CD	A:HOH:930:O
0	vdw	A:ARG:661:CD	A:HOH:930:O
0	vdw	A:ASN:659:OD1	A:HOH:930:O
0	vdw	A:HOH:947:O	A:VAL:706:N
0	vdw	A:HOH:947:O	A:PRO:705:CA
0	vdw	A:GLU:707:CD	A:TYR:654:CE2
0	vdw	A:GLU:707:OE1	A:TYR:654:CE2
0	vdw	A:GLU:707:OE2	A:TYR:654:CE2
0	vdw	A:GLU:633:CA	A:SER:565:OG
0	vdw	A:GLU:633:CB	A:SER:565:OG
0	vdw	A:GLU:633:CD	A:SER:565:OG
0	vdw	A:GLU:633:OE1	A:SER:565:OG
0	vdw	A:LWJ:801:C8	A:SER:565:C
0	vdw	A:GLY:567:N	A:LWJ:801:C8
0	vdw	A:GLY:567:CA	A:LWJ:801:C7
0	vdw	A:GLY:567:CA	A:LWJ:801:C8
0	vdw	A:ARG:570:CZ	A:ASN:659:CG
0	vdw	A:ARG:570:NH1	A:ASN:659:CG
0	vdw	A:ARG:570:NH1	A:ASN:659:OD1
0	vdw	A:ARG:570:CZ	A:ASN:659:ND2
0	vdw	A:ARG:661:O	A:LYS:656:CA
0	vdw	A:ARG:661:O	A:LYS:656:C
0	vdw	A:LEU:662:CD2	A:TYR:654:C
0	vdw	A:LEU:662:CD2	A:TYR:654:O
0	vdw	A:LEU:662:CD2	A:LYS:656:CG
0	vdw	A:LWJ:801:C8	A:SER:565:O
0	vdw	A:HOH:946:O	A:LWJ:801:C9
0	vdw	A:HOH:946:O	A:TYR:563:OH
0	vdw	A:LEU:484:CD2	A:LWJ:801:C6
0	vdw	A:LEU:494:CB	A:LYS:482:O
0	vdw	A:LEU:484:CG	A:LEU:494:CB
0	vdw	A:LEU:494:CD2	A:LYS:482:NZ
0	vdw	A:PRO:722:CB	A:THR:695:CG2
0	vdw	A:ARG:577:CG	A:LEU:696:CB
0	vdw	A:ARG:577:NH2	A:THR:695:O
0	vdw	A:ARG:577:NH2	A:GLY:698:N
0	vdw	A:ARG:577:NH2	A:GLY:698:CA
0	vdw	A:SER:699:O	A:TRP:691:CH2
0	vdw	A:HOH:919:O	A:TRP:691:CH2
0	vdw	A:HOH:919:O	A:SER:699:O
0	vdw	A:HOH:919:O	A:PRO:702:CD
0	vdw	A:HOH:919:O	A:PRO:702:CG
0	vdw	A:LEU:573:CB	A:LEU:696:CA
0	vdw	A:LEU:573:CB	A:LEU:696:C
0	vdw	A:GLY:697:N	A:LEU:573:CB
0	vdw	A:ARG:577:CD	A:LEU:696:O
0	vdw	A:ARG:577:CZ	A:LEU:696:O
0	vdw	A:ARG:577:NE	A:LEU:696:O
0	vdw	A:ARG:577:NH2	A:LEU:696:O
0	vdw	A:ARG:577:CG	A:LEU:696:O
0	vdw	A:ARG:661:NH2	A:GLY:697:O
0	vdw	A:ARG:577:NH2	A:GLY:697:C
0	vdw	A:HOH:934:O	A:SER:699:OG
0	vdw	A:ARG:661:NE	A:SER:699:CB
0	vdw	A:ARG:661:CG	A:SER:699:OG
0	vdw	A:ARG:661:CD	A:SER:699:OG
0	vdw	A:ARG:661:NE	A:SER:699:OG
0	vdw	A:ARG:576:NH2	A:PRO:591:CD
0	vdw	A:ARG:576:CZ	A:PRO:591:O
0	vdw	A:ARG:576:NH2	A:PRO:591:N
0	vdw	A:ARG:576:NH2	A:PRO:591:O
0	vdw	A:ARG:661:NH2	A:GLN:574:NE2
0	vdw	A:GLN:574:NE2	A:GLY:697:O
0	vdw	A:ARG:570:CD	A:ASN:659:ND2
0	vdw	A:ARG:570:CD	A:ARG:661:CZ
0	vdw	A:ARG:661:CZ	A:SER:699:CA
0	vdw	A:ARG:661:CZ	A:SER:699:CB
0	vdw	A:ARG:661:CG	A:HOH:934:O
0	vdw	A:HOH:946:O	A:LYS:482:CE
0	vdw	A:ARG:576:CG	A:GLU:593:O
0	vdw	A:ARG:576:O	A:GLN:594:OE1
0	vdw	A:ARG:576:O	A:GLN:594:CD
0	vdw	A:ARG:576:O	A:GLN:594:NE2
0	vdw	A:ARG:577:C	A:GLN:594:OE1
0	vdw	A:GLN:594:OE1	A:PRO:578:N
0	vdw	A:GLN:594:OE1	A:PRO:578:CA
0	vdw	A:GLN:594:OE1	A:PRO:578:CD
0	vdw	A:GLN:594:OE1	A:PRO:578:CB
0	vdw	A:GLN:594:OE1	A:PRO:578:CG
0	vdw	A:ALA:575:O	A:GLU:592:CA
0	vdw	A:ALA:575:O	A:GLU:592:CB
0	vdw	A:ARG:577:O	A:GLN:594:NE2
0	vdw	A:GLN:594:CD	A:PRO:578:CA
0	vdw	A:ARG:577:C	A:GLN:594:NE2
0	vdw	A:GLN:594:NE2	A:PRO:578:CA
0	hbbb	A:GLY:716:O	A:HIS:717:N
0	hbss	A:ARG:661:NH2	A:GLN:574:NE2
0	hbbb	A:ALA:608:N	A:VAL:607:N
0	hbbb	A:ASP:755:N	A:LEU:754:N
0	hbsb	A:ARG:661:N	A:THR:657:OG1
0	hbbb	A:ILE:757:O	A:LEU:760:N
0	hbbb	A:ALA:604:N	A:CYS:603:N
0	hbsb	A:LEU:729:N	A:THR:726:OG1
0	hbbb	A:ALA:671:O	A:ARG:675:N
0	hbbb	A:ASN:568:N	A:GLY:567:O
0	hbbb	A:GLN:594:N	A:GLU:593:N
0	hbsb	A:ILE:544:O	A:LYS:638:NZ
0	hbbb	A:ASN:659:N	A:THR:657:O
0	hbbb	A:LYS:665:N	A:VAL:664:N
0	hbbb	A:ALA:608:N	A:ARG:609:N
0	hbsb	A:LEU:547:O	A:LYS:540:NZ
0	hbbb	A:GLU:571:N	A:TYR:572:N
0	hbbb	A:GLU:571:O	A:LEU:573:N
0	hbbb	A:LYS:748:N	A:PHE:747:N
0	hbbb	A:HIS:738:N	A:TRP:737:O
0	hbss	A:ARG:470:NE	A:ASP:468:OD1
0	hbbb	A:GLU:531:N	A:MET:532:N
0	hbbb	A:LYS:514:O	A:VAL:559:N
0	hbbb	A:ALA:564:O	A:SER:565:N
0	hbbb	A:GLN:743:N	A:SER:742:N
0	hbbb	A:GLU:592:N	A:GLU:593:N
0	hbbb	A:ALA:668:O	A:LEU:672:N
0	hbbb	A:SER:685:N	A:TRP:684:N
0	hbbb	A:ASP:501:N	A:LEU:500:N
0	hbbb	A:LEU:525:N	A:LYS:523:O
0	hbbb	A:ASN:628:N	A:VAL:629:N
0	hbbb	A:ALA:497:N	A:ILE:498:N
0	hbbb	A:ASP:682:N	A:VAL:683:N
0	hbbb	A:ASP:735:N	A:MET:733:O
0	hbbb	A:GLU:531:N	A:SER:530:O
0	hbbb	A:ALA:575:N	A:ARG:576:N
0	hbbb	A:GLY:687:O	A:LEU:690:N
0	hbbb	A:ALA:497:O	A:THR:509:N
0	hbsb	A:ARG:475:NH2	A:GLN:553:O
0	hbbb	A:ASP:524:N	A:LYS:523:N
0	hbbb	A:ILE:529:O	A:SER:530:N
0	hbbb	A:ASP:652:N	A:TYR:653:N
0	hbbb	A:ASP:674:N	A:PHE:673:N
0	hbbb	A:LEU:573:N	A:TYR:572:N
0	hbbb	A:HIS:621:N	A:ILE:620:N
0	hbbb	A:ASP:524:N	A:LEU:525:N
0	hbbb	A:GLY:716:N	A:LEU:712:O
0	hbbb	A:GLU:467:N	A:PRO:466:O
0	hbbb	A:GLU:752:N	A:VAL:751:O
0	hbsb	A:GLU:692:O	A:THR:695:OG1
0	hbsb	A:SER:681:O	A:SER:685:OG
0	hbss	A:ASP:501:OD2	A:LYS:504:NZ
0	hbbb	A:GLY:539:O	A:LYS:540:N
0	hbbb	A:ASP:527:N	A:SER:526:N
0	hbbb	A:THR:678:N	A:TYR:677:N
0	hbbb	A:LEU:689:N	A:VAL:688:O
0	hbbb	A:GLY:703:N	A:VAL:704:N
0	hbbb	A:ARG:756:N	A:ASP:755:N
0	hbbb	A:ASN:727:N	A:GLU:728:N
0	hbbb	A:GLU:670:N	A:PRO:669:O
0	hbsb	A:ASN:546:OD1	A:HIS:541:N
0	hbbb	A:ARG:622:N	A:HIS:621:N
0	hbbb	A:PRO:702:N	A:TYR:701:N
0	hbbb	A:ASN:635:N	A:VAL:636:N
0	hbbb	A:ALA:615:N	A:LEU:614:N
0	hbbb	A:LEU:672:N	A:PHE:673:N
0	hbbb	A:GLY:549:N	A:LEU:548:N
0	hbbb	A:GLU:728:N	A:LEU:729:N
0	hbbb	A:GLN:553:N	A:THR:552:N
0	hbbb	A:GLU:715:N	A:LEU:712:O
0	hbsb	A:ARG:477:N	A:ASP:476:OD1
0	hbsb	A:ARG:622:NH1	A:ILE:620:O
0	hbbb	A:TYR:653:N	A:TYR:654:N
0	hbbb	A:LYS:504:N	A:PRO:505:N
0	hbbb	A:GLY:687:N	A:PHE:686:N
0	hbbb	A:LEU:525:N	A:THR:521:O
0	hbbb	A:GLU:707:N	A:GLU:708:N
0	hbbb	A:ALA:668:O	A:GLU:670:N
0	hbbb	A:PHE:686:N	A:SER:685:O
0	hbbb	A:ALA:640:O	A:PHE:642:N
0	hbbb	A:ILE:544:O	A:ILE:545:N
0	hbbb	A:HIS:541:N	A:LYS:540:O
0	hbbb	A:LEU:600:N	A:SER:597:O
0	hbsb	A:ASP:527:N	A:SER:526:OG
0	hbbb	A:ARG:576:N	A:LEU:573:O
0	hbbb	A:ARG:718:N	A:HIS:717:O
0	hbss	A:ARG:756:NH2	A:GLU:728:OE2
0	hbbb	A:ALA:626:O	A:ASN:628:N
0	hbbb	A:LEU:614:N	A:TYR:613:N
0	hbbb	A:LEU:478:N	A:VAL:479:N
0	hbbb	A:PRO:663:N	A:VAL:664:N
0	hbbb	A:GLY:539:N	A:MET:537:O
0	hbbb	A:LYS:711:O	A:LYS:714:N
0	hbbb	A:ARG:661:O	A:THR:657:N
0	hbbb	A:LEU:480:N	A:VAL:479:N
0	hbbb	A:ALA:739:N	A:TRP:737:O
0	hbbb	A:MET:731:N	A:TYR:730:N
0	hbbb	A:ALA:495:O	A:VAL:511:N
0	hbbb	A:ASN:543:N	A:ILE:544:N
0	hbbb	A:ARG:627:N	A:ASN:628:N
0	hbbb	A:TRP:684:N	A:VAL:683:N
0	hbbb	A:LEU:750:N	A:PHE:747:O
0	hbbb	A:ALA:671:N	A:GLU:670:O
0	hbbb	A:ARG:470:N	A:PRO:469:N
0	hbbb	A:GLY:687:N	A:PHE:686:O
0	hbbb	A:LEU:729:N	A:TYR:730:N
0	hbbb	A:ASP:554:N	A:GLN:553:O
0	hbbb	A:ASP:599:N	A:LEU:600:N
0	hbbb	A:LYS:566:N	A:SER:565:O
0	hbbb	A:ILE:538:N	A:MET:537:O
0	hbbb	A:LYS:598:O	A:SER:602:N
0	hbbb	A:GLY:687:O	A:VAL:688:N
0	hbbb	A:ASN:724:N	A:CYS:725:N
0	hbbb	A:ASP:753:N	A:GLU:752:O
0	hbss	A:ARG:570:NH2	A:GLU:571:OE2
0	hbsb	A:GLY:698:N	A:THR:695:OG1
0	hbbb	A:ILE:560:N	A:VAL:559:N
0	hbbb	A:GLU:715:N	A:GLY:716:N
0	hbss	A:GLN:743:NE2	A:SER:742:OG
0	hbbb	A:CYS:603:N	A:LEU:600:O
0	hbss	A:ARG:609:NH2	A:TYR:605:OH
0	hbbb	A:ASN:659:O	A:GLY:660:N
0	hbbb	A:ALA:625:O	A:VAL:629:N
0	hbbb	A:ASP:623:N	A:LEU:624:N
0	hbbb	A:CYS:736:N	A:TRP:737:N
0	hbss	A:ARG:734:NH1	A:TYR:730:OH
0	hbbb	A:ILE:560:N	A:VAL:561:N
0	hbbb	A:GLU:707:N	A:VAL:706:O
0	hbbb	A:GLY:610:N	A:VAL:607:O
0	hbbb	A:CYS:551:N	A:TYR:558:O
0	hbbb	A:ASP:554:O	A:GLY:555:N
0	hbbb	A:ASP:641:N	A:PHE:642:N
0	hbbb	A:LEU:528:O	A:MET:532:N
0	hbbb	A:ALA:512:N	A:VAL:511:O
0	hbbb	A:ALA:497:O	A:ILE:498:N
0	hbbb	A:LEU:690:N	A:TRP:691:N
0	hbbb	A:GLU:708:N	A:VAL:706:O
0	hbbb	A:ARG:675:N	A:GLU:670:O
0	hbsb	A:ARG:475:NH1	A:PRO:556:O
0	hbbb	A:ALA:520:N	A:ASP:519:O
0	hbbb	A:ALA:575:N	A:GLN:574:N
0	hbbb	A:MET:535:O	A:MET:537:N
0	hbbb	A:LEU:516:O	A:LYS:517:N
0	hbbb	A:ASP:755:N	A:VAL:751:O
0	hbbb	A:GLU:612:O	A:TYR:613:N
0	hbbb	A:ASP:623:O	A:LEU:624:N
0	hbbb	A:ALA:759:N	A:VAL:758:N
0	hbbb	A:ALA:520:O	A:THR:521:N
0	hbbb	A:LEU:689:O	A:LEU:690:N
0	hbss	A:GLN:606:NE2	A:SER:602:OG
0	hbbb	A:ASP:682:N	A:SER:681:N
0	hbbb	A:LEU:754:O	A:VAL:758:N
0	hbbb	A:LEU:557:O	A:TYR:558:N
0	hbbb	A:SER:762:N	A:THR:761:O
0	hbbb	A:LYS:748:O	A:VAL:751:N
0	hbbb	A:LEU:547:N	A:LEU:548:N
0	hbsb	A:GLN:749:N	A:THR:746:OG1
0	hbss	A:ARG:661:NE	A:SER:699:OG
0	hbss	A:ASN:628:ND2	A:ASP:623:OD2
0	hbbb	A:LYS:711:N	A:PHE:710:O
0	hbbb	A:GLY:499:N	A:ILE:498:N
0	hbbb	A:LEU:760:N	A:THR:761:N
0	hbbb	A:LEU:712:N	A:LEU:713:N
0	hbbb	A:GLY:687:N	A:VAL:683:O
0	hbbb	A:ALA:640:O	A:ASP:641:N
0	hbbb	A:ALA:671:N	A:LEU:672:N
0	hbbb	A:LEU:729:N	A:THR:726:O
0	hbbb	A:ARG:756:N	A:LEU:754:O
0	hbsb	A:GLN:553:NE2	A:LEU:465:O
0	hbss	A:ARG:744:NH1	A:GLU:670:OE1
0	hbbb	A:LEU:689:N	A:PHE:686:O
0	hbbb	A:ASN:727:O	A:TYR:730:N
0	hbbb	A:LEU:672:N	A:PRO:669:O
0	hbbb	A:GLN:606:N	A:TYR:605:N
0	hbbb	A:GLY:643:N	A:LEU:644:N
0	hbsb	A:GLN:680:N	A:THR:678:OG1
0	hbbb	A:PRO:745:O	A:THR:746:N
0	hbbb	A:GLY:539:N	A:ILE:538:O
0	hbbb	A:LEU:484:N	A:VAL:492:O
0	hbsb	A:ASP:599:N	A:SER:596:OG
0	hbbb	A:ALA:604:O	A:ALA:608:N
0	hbbb	A:ARG:734:N	A:MET:733:O
0	hbbb	A:GLU:533:O	A:LYS:536:N
0	hbbb	A:LEU:760:N	A:VAL:758:O
0	hbbb	A:MET:534:N	A:MET:535:N
0	hbbb	A:ASP:501:O	A:LYS:504:N
0	hbbb	A:GLN:680:N	A:SER:681:N
0	hbbb	A:GLU:708:N	A:LEU:709:N
0	hbbb	A:MET:611:N	A:VAL:607:O
0	hbbb	A:LEU:630:N	A:LYS:638:O
0	hbbb	A:GLN:491:O	A:MET:515:N
0	hbsb	A:GLU:633:N	A:THR:632:OG1
0	hbbb	A:ASP:682:O	A:SER:685:N
0	hbbb	A:THR:726:O	A:TYR:730:N
0	hbsb	A:GLN:743:N	A:SER:742:OG
0	hbbb	A:ARG:609:N	A:GLY:610:N
0	hbbb	A:TRP:684:O	A:VAL:688:N
0	hbbb	A:LYS:617:N	A:TYR:613:O
0	hbbb	A:ASN:546:N	A:ILE:545:N
0	hbbb	A:ILE:757:N	A:VAL:758:N
0	hbbb	A:GLU:531:O	A:MET:534:N
0	hbbb	A:GLU:692:O	A:LEU:696:N
0	hbbb	A:MET:731:O	A:MET:733:N
0	hbbb	A:GLU:464:O	A:LEU:465:N
0	hbss	A:ARG:470:NH1	A:SO4:802:O2
0	hbsb	A:ARG:744:NE	A:HIS:738:O
0	hbbb	A:ASP:682:O	A:VAL:683:N
0	hbbb	A:GLU:531:O	A:MET:532:N
0	hbbb	A:PRO:741:O	A:SER:742:N
0	hbbb	A:GLN:680:N	A:HIS:679:O
0	hbbb	A:ARG:622:O	A:ASP:623:N
0	hbbb	A:GLU:692:N	A:LEU:690:O
0	hbbb	A:LEU:595:O	A:SER:596:N
0	hbsb	A:ILE:538:O	A:TYR:613:OH
0	hbbb	A:CYS:603:N	A:SER:602:N
0	hbbb	A:GLN:574:N	A:LEU:573:N
0	hbbb	A:TRP:691:N	A:VAL:688:O
0	hbbb	A:ASP:501:O	A:LYS:502:N
0	hbbb	A:LEU:729:O	A:MET:732:N
0	hbbb	A:ALA:564:N	A:SER:565:N
0	hbbb	A:ARG:622:N	A:HIS:621:O
0	hbbb	A:ALA:615:N	A:LEU:614:O
0	hbbb	A:LEU:672:O	A:PHE:673:N
0	hbbb	A:LYS:598:N	A:SER:597:N
0	hbbb	A:LEU:614:O	A:LYS:617:N
0	hbbb	A:CYS:725:N	A:THR:726:N
0	hbbb	A:GLY:485:N	A:LEU:484:N
0	hbbb	A:LEU:696:N	A:THR:695:N
0	hbsb	A:ARG:577:NE	A:LEU:696:O
0	hbbb	A:GLU:533:O	A:MET:534:N
0	hbbb	A:ARG:744:N	A:PRO:741:O
0	hbbb	A:GLU:707:O	A:GLU:708:N
0	hbbb	A:ASP:652:N	A:ILE:651:N
0	hbbb	A:ALA:759:N	A:ILE:757:O
0	hbbb	A:CYS:551:N	A:THR:552:N
0	hbsb	A:SER:681:OG	A:THR:678:O
0	hbbb	A:GLN:606:N	A:TYR:605:O
0	hbss	A:GLU:531:OE1	A:LYS:514:NZ
0	hbsb	A:LYS:617:N	A:SER:616:OG
0	hbbb	A:ALA:564:O	A:GLY:567:N
0	hbbb	A:GLY:687:N	A:SER:685:O
0	hbbb	A:SER:602:N	A:VAL:601:N
0	hbbb	A:GLU:531:N	A:ILE:529:O
0	hbss	A:ARG:675:NE	A:TYR:653:OH
0	hbbb	A:ASN:659:N	A:THR:658:N
0	hblb	A:GLU:562:O	A:LWJ:801:N26
0	hbsb	A:ASP:599:OD2	A:SER:596:N
0	hbbb	A:ARG:734:N	A:ASP:735:N
0	hbbb	A:ASP:527:N	A:LEU:528:N
0	hbbb	A:GLY:697:N	A:LEU:696:N
0	hbbb	A:ASP:755:N	A:LEU:754:O
0	hbbb	A:ASP:674:O	A:ILE:676:N
0	hbsb	A:HIS:679:N	A:THR:678:OG1
0	hbbb	A:LEU:709:N	A:PRO:705:O
0	hbbb	A:ASN:546:O	A:LEU:547:N
0	hbbb	A:LEU:696:N	A:THR:695:O
0	hbsb	A:ASN:568:OD1	A:GLU:571:N
0	hbbb	A:ASP:720:O	A:LYS:721:N
0	hbbb	A:GLU:533:N	A:ILE:529:O
0	hbbb	A:GLN:574:N	A:LEU:573:O
0	hbbb	A:ASP:501:N	A:LEU:500:O
0	hbbb	A:GLY:687:N	A:VAL:688:N
0	hbbb	A:ILE:529:N	A:LEU:528:N
0	hbbb	A:ALA:739:N	A:HIS:738:O
0	hbbb	A:ALA:640:N	A:ASN:628:O
0	hbsb	A:ALA:640:O	A:HIS:621:NE2
0	hbsb	A:TRP:684:O	A:TRP:737:NE1
0	hbbb	A:ASN:543:O	A:ILE:639:N
0	hbbb	A:ARG:744:N	A:GLN:743:N
0	hbbb	A:LEU:525:N	A:SER:526:N
0	hbbb	A:GLN:749:N	A:LYS:748:N
0	hbbb	A:GLU:533:N	A:MET:532:N
0	hbss	A:GLU:533:OE2	A:LYS:536:NZ
0	hbbb	A:PHE:747:N	A:THR:746:O
0	hbbb	A:LEU:557:N	A:PRO:556:O
0	hbbb	A:ARG:756:N	A:ASP:753:O
0	hbbb	A:ARG:570:N	A:GLU:571:N
0	hbbb	A:LEU:630:O	A:LYS:638:N
0	hbbb	A:ALA:575:O	A:ARG:576:N
0	hbbb	A:LYS:510:O	A:VAL:511:N
0	hbbb	A:LEU:595:N	A:SER:596:N
0	hbbb	A:GLU:533:N	A:SER:530:O
0	hbbb	A:GLU:715:N	A:LYS:714:N
0	hbss	A:ARG:477:NE	A:ASP:476:OD1
0	hbbb	A:LEU:729:O	A:MET:733:N
0	hbbb	A:ALA:495:N	A:VAL:511:O
0	hbbb	A:PRO:556:O	A:TYR:558:N
0	hbbb	A:GLY:716:N	A:HIS:717:N
0	hbbb	A:GLU:531:N	A:SER:530:N
0	hbbb	A:GLU:715:N	A:LYS:711:O
0	hbbb	A:GLN:491:O	A:VAL:492:N
0	hbbb	A:GLU:692:N	A:VAL:688:O
0	hbbb	A:CYS:619:N	A:LYS:618:N
0	hbbb	A:LYS:711:N	A:PHE:710:N
0	hbbb	A:GLN:606:O	A:GLY:610:N
0	hbbb	A:ALA:604:N	A:CYS:603:O
0	hbbb	A:ASP:501:N	A:LYS:502:N
0	hbbb	A:ALA:608:O	A:MET:611:N
0	hbsb	A:ARG:475:NE	A:GLN:553:O
0	hbbb	A:ARG:576:N	A:ARG:577:N
0	hbbb	A:ALA:512:N	A:VAL:513:N
0	hbbb	A:GLY:481:N	A:LEU:494:O
0	hbsb	A:LYS:566:N	A:SER:565:OG
0	hbbb	A:VAL:493:N	A:VAL:513:O
0	hbbb	A:GLU:670:O	A:ILE:676:N
0	hbbb	A:ILE:560:O	A:LEU:548:N
0	hbbb	A:LEU:709:N	A:PHE:710:N
0	hbbb	A:GLY:499:N	A:LEU:500:N
0	hbss	A:GLN:553:NE2	A:THR:552:OG1
0	hbbb	A:MET:534:O	A:MET:537:N
0	hbbb	A:LEU:713:N	A:LYS:714:N
0	hbbb	A:THR:695:N	A:TRP:691:O
0	hbbb	A:ALA:604:N	A:LEU:600:O
0	hbbb	A:LEU:750:N	A:THR:746:O
0	hbbb	A:ALA:615:N	A:MET:611:O
0	hbbb	A:ASP:652:O	A:TYR:653:N
0	hbsb	A:TRP:737:NE1	A:VAL:688:N
0	hbbb	A:GLN:749:N	A:THR:746:O
0	hbsb	A:GLU:633:N	A:SER:565:OG
0	hbbb	A:ASP:599:O	A:LEU:600:N
0	hbbb	A:GLN:680:O	A:SER:681:N
0	hbsb	A:ARG:718:NE	A:TRP:737:O
0	hbbb	A:MET:733:N	A:TYR:730:O
0	hbbb	A:HIS:621:N	A:ILE:620:O
0	hbbb	A:GLU:692:O	A:GLY:697:N
0	hbbb	A:GLU:752:N	A:VAL:751:N
0	hbsb	A:LYS:598:NZ	A:THR:761:O
0	hbbb	A:ASP:527:N	A:SER:526:O
0	hbbb	A:ASN:727:N	A:THR:726:O
0	hbbb	A:HIS:679:O	A:VAL:683:N
0	hbbb	A:ASP:599:N	A:LYS:598:N
0	hbbb	A:PHE:673:N	A:PRO:669:O
0	hbbb	A:ALA:512:O	A:VAL:561:N
0	hbbb	A:ALA:739:N	A:VAL:740:N
0	hbbb	A:ASN:506:N	A:PRO:505:O
0	hbbb	A:LYS:638:N	A:MET:637:N
0	hbbb	A:ALA:615:N	A:SER:616:N
0	hbbb	A:ALA:615:O	A:LYS:617:N
0	hbbb	A:GLY:716:N	A:LYS:714:O
0	hbbb	A:GLU:708:O	A:LEU:712:N
0	hbbb	A:ASP:682:N	A:THR:678:O
0	hbbb	A:ALA:759:N	A:ASP:755:O
0	hbbb	A:ASN:543:N	A:HIS:541:O
0	hbbb	A:SER:597:O	A:VAL:601:N
0	hbbb	A:ARG:576:O	A:ARG:577:N
0	hbbb	A:GLU:728:O	A:LEU:729:N
0	hbbb	A:LYS:617:N	A:SER:616:N
0	hbsb	A:HIS:738:ND1	A:VAL:740:N
0	hbbb	A:ASN:724:O	A:CYS:725:N
0	hbbb	A:MET:637:N	A:VAL:636:N
0	hbbb	A:LEU:525:O	A:LEU:528:N
0	hbbb	A:ILE:676:N	A:TYR:677:N
0	hbbb	A:HIS:738:N	A:TRP:737:N
0	hbbb	A:GLU:533:N	A:MET:534:N
0	hbsb	A:ARG:661:NH2	A:GLY:697:O
0	hbsb	A:ARG:576:O	A:GLN:594:NE2
0	hbbb	A:ALA:550:O	A:LEU:473:N
0	hbbb	A:ALA:608:O	A:GLU:612:N
0	hbbb	A:MET:532:O	A:MET:534:N
0	hbbb	A:ALA:604:O	A:VAL:607:N
0	hbbb	A:ILE:693:O	A:LEU:696:N
0	hbbb	A:ASP:527:N	A:LEU:525:O
0	hbss	A:ARG:627:NH2	A:ASP:623:OD1
0	hbbb	A:LEU:630:N	A:VAL:629:N
0	hbbb	A:ILE:560:O	A:VAL:561:N
0	hbbb	A:GLN:594:N	A:GLU:593:O
0	hbsb	A:GLN:574:NE2	A:GLY:697:O
0	hbbb	A:ASN:659:N	A:THR:658:O
0	hbbb	A:LYS:523:N	A:THR:521:O
0	hbbb	A:CYS:725:O	A:THR:726:N
0	hbbb	A:LYS:536:N	A:MET:535:N
0	hbbb	A:LEU:600:N	A:SER:596:O
0	hbbb	A:LEU:614:N	A:MET:611:O
0	hbbb	A:GLU:612:N	A:MET:611:N
0	hbbb	A:ASN:724:N	A:SER:723:O
0	hbbb	A:ASN:543:N	A:LYS:542:N
0	hbbb	A:SER:681:N	A:THR:678:O
0	hbbb	A:MET:732:N	A:MET:733:N
0	hbbb	A:TYR:558:O	A:VAL:559:N
0	hbbb	A:ILE:693:N	A:PHE:694:N
0	hbbb	A:PHE:686:N	A:SER:685:N
0	hbbb	A:ARG:675:N	A:ASP:674:O
0	hbbb	A:CYS:736:N	A:MET:732:O
0	hbbb	A:GLU:728:N	A:THR:726:O
0	hbbb	A:LEU:630:N	A:VAL:629:O
0	hbss	A:GLU:531:OE2	A:LYS:514:NZ
0	hbbb	A:LEU:709:O	A:LEU:713:N
0	hbbb	A:ARG:577:N	A:GLN:574:O
0	hbbb	A:ARG:477:O	A:ILE:498:N
0	hbbb	A:ARG:570:N	A:ASN:568:O
0	hbbb	A:LEU:754:N	A:VAL:751:O
0	hbss	A:ARG:675:NH2	A:TYR:653:OH
0	hbbb	A:ASP:503:N	A:LYS:502:N
0	hbbb	A:LEU:689:N	A:VAL:688:N
0	hbbb	A:ASP:753:N	A:GLN:749:O
0	hbbb	A:ARG:470:N	A:ASP:468:O
0	hbsb	A:ASN:659:N	A:THR:658:OG1
0	hbbb	A:PRO:741:N	A:VAL:740:N
0	hbbb	A:ARG:570:N	A:LEU:569:N
0	hbbb	A:CYS:619:O	A:ILE:620:N
0	hbbb	A:GLU:715:N	A:LYS:714:O
0	hbbb	A:ASP:501:O	A:ASP:503:N
0	hbbb	A:GLU:707:N	A:VAL:706:N
0	hbbb	A:LYS:665:O	A:TRP:666:N
0	hbbb	A:TYR:558:N	A:VAL:559:N
0	hbss	A:ARG:661:NE	A:ASN:659:ND2
0	hbbb	A:GLU:715:O	A:GLY:716:N
0	hbbb	A:ARG:475:O	A:LEU:478:N
0	hbbb	A:ASN:543:O	A:ILE:544:N
0	hbbb	A:ASP:634:N	A:GLU:633:N
0	hbbb	A:GLY:485:N	A:VAL:492:O
0	hbbb	A:ASP:468:N	A:GLU:467:O
0	hbbb	A:ARG:734:O	A:HIS:738:N
0	hbbb	A:GLY:697:N	A:GLY:698:N
0	hbbb	A:GLN:749:O	A:VAL:751:N
0	hbbb	A:ASP:524:N	A:THR:521:O
0	hbbb	A:PHE:694:N	A:TRP:691:O
0	hbbb	A:LYS:536:N	A:MET:532:O
0	hbbb	A:ALA:520:N	A:ASP:519:N
0	hbbb	A:ARG:475:O	A:ARG:477:N
0	hbbb	A:ARG:756:N	A:GLU:752:O
0	hbbb	A:LEU:713:O	A:LYS:714:N
0	hbsb	A:ARG:744:NH1	A:GLN:680:O
0	hbbb	A:GLN:553:N	A:THR:552:O
0	hbbb	A:LYS:655:N	A:TYR:654:O
0	hbbb	A:ILE:529:N	A:SER:530:N
0	hbbb	A:LYS:514:N	A:VAL:513:N
0	hbbb	A:LYS:514:O	A:MET:515:N
0	hbbb	A:LYS:638:N	A:MET:637:O
0	hbbb	A:GLN:680:O	A:TRP:684:N
0	hbbb	A:ASN:568:O	A:TYR:572:N
0	hbss	A:ASN:659:OD1	A:THR:657:OG1
0	hbbb	A:ALA:520:N	A:SER:518:O
0	hbbb	A:VAL:493:O	A:VAL:513:N
0	hbss	A:ASN:727:OD1	A:LYS:721:NZ
0	hbss	A:ARG:570:NH1	A:ASN:659:OD1
0	hbbb	A:GLU:593:O	A:LEU:595:N
0	hbbb	A:ARG:477:N	A:PRO:474:O
0	hbbb	A:CYS:603:O	A:VAL:607:N
0	hbbb	A:GLU:522:N	A:LYS:523:N
0	hbbb	A:MET:532:O	A:MET:535:N
0	hbbb	A:GLU:708:N	A:PRO:705:O
0	hbsb	A:ARG:718:N	A:HIS:717:ND1
0	hbbb	A:LEU:712:N	A:LYS:711:O
0	hbbb	A:ASN:635:N	A:THR:632:O
0	hbbb	A:ARG:507:N	A:ASN:506:O
0	hbbb	A:GLY:499:N	A:ILE:498:O
0	hbbb	A:ALA:497:N	A:GLU:496:N
0	hbbb	A:ASP:735:N	A:CYS:736:N
0	hbbb	A:ALA:550:O	A:CYS:551:N
0	hbbb	A:ASN:635:N	A:ASP:634:N
0	hbbb	A:ARG:507:N	A:ASN:506:N
0	hbbb	A:GLU:486:N	A:GLY:485:O
0	hbbb	A:ARG:609:N	A:TYR:605:O
0	hbbb	A:GLU:752:N	A:LYS:748:O
0	hbbb	A:GLN:574:N	A:GLU:571:O
0	hbss	A:ARG:744:NH2	A:GLU:670:OE2
0	hbbb	A:ARG:675:N	A:ASP:674:N
0	hbbb	A:LYS:510:N	A:THR:509:N
0	hbbb	A:ILE:545:N	A:ILE:639:O
0	hbbb	A:GLU:692:O	A:ILE:693:N
0	hbbb	A:LYS:665:N	A:VAL:664:O
0	hbbb	A:HIS:541:O	A:LYS:542:N
0	hbbb	A:LYS:748:N	A:THR:746:O
0	hbbb	A:ASP:599:N	A:SER:596:O
0	hbbb	A:GLY:703:N	A:PRO:702:O
0	hbsb	A:ASP:682:N	A:SER:681:OG
0	hbbb	A:ASP:524:O	A:LEU:525:N
0	hbbb	A:ASP:623:N	A:HIS:621:O
0	hbbb	A:LEU:750:N	A:VAL:751:N
0	hbbb	A:ASP:753:O	A:ILE:757:N
0	hbbb	A:GLY:687:N	A:TRP:684:O
0	hbbb	A:ASP:468:O	A:GLU:472:N
0	hbbb	A:ASN:659:N	A:GLY:660:N
0	hbsb	A:GLN:606:NE2	A:SER:602:O
0	hbbb	A:GLY:567:N	A:LYS:566:O
0	hbbb	A:THR:761:N	A:VAL:758:O
0	hbss	A:GLU:562:OE1	A:LYS:638:NZ
0	hbbb	A:GLY:643:O	A:LEU:644:N
0	hbbb	A:THR:509:N	A:VAL:508:O
0	hbbb	A:ALA:759:O	A:LEU:760:N
0	hbbb	A:ARG:622:N	A:ASP:623:N
0	hbbb	A:ASN:506:N	A:PRO:505:N
0	hbbb	A:ARG:507:O	A:VAL:508:N
0	hbbb	A:ASP:641:O	A:PHE:642:N
0	hbbb	A:ASP:735:N	A:MET:732:O
0	hbbb	A:ASN:568:O	A:LEU:569:N
0	hbbb	A:GLU:472:N	A:TRP:471:O
0	hbbb	A:THR:509:O	A:VAL:511:N
0	hbsb	A:ASP:501:OD1	A:LYS:502:N
0	hbbb	A:CYS:603:O	A:GLN:606:N
0	hbbb	A:ASP:519:O	A:THR:521:N
0	hbbb	A:ARG:609:O	A:GLU:612:N
0	hbbb	A:ARG:756:O	A:ILE:757:N
0	hbbb	A:GLU:670:N	A:PRO:669:N
0	hbbb	A:HIS:650:N	A:ILE:651:N
0	hbbb	A:ARG:627:O	A:ASN:628:N
0	hbbb	A:SER:602:O	A:TYR:605:N
0	hbbb	A:GLU:708:O	A:LEU:709:N
0	hbss	A:ASP:524:OD2	A:THR:521:OG1
0	hbsb	A:SER:597:OG	A:SER:762:O
0	hbbb	A:ASP:503:N	A:LYS:504:N
0	hbbb	A:LYS:665:N	A:TRP:666:N
0	hbbb	A:GLN:749:N	A:LEU:750:N
0	hbbb	A:ALA:512:O	A:VAL:513:N
0	hbbb	A:ASN:763:N	A:SER:762:O
0	hbss	A:ARG:756:NH1	A:GLU:728:OE2
0	hbbb	A:GLU:692:N	A:TRP:691:N
0	hbbb	A:ARG:756:N	A:ILE:757:N
0	hbbb	A:ARG:734:O	A:ASP:735:N
0	hbbb	A:CYS:551:O	A:THR:552:N
0	hbsb	A:THR:695:OG1	A:TRP:691:O
0	hbsb	A:SER:681:N	A:THR:678:OG1
0	hbbb	A:CYS:619:N	A:LEU:614:O
0	hbbb	A:ALA:739:O	A:VAL:740:N
0	hbbb	A:ASN:724:N	A:SER:723:N
0	hbbb	A:GLY:567:N	A:LYS:566:N
0	hblb	A:ASP:641:N	A:LWJ:801:N3
0	hbbb	A:ARG:570:O	A:GLN:574:N
0	hbbb	A:ASP:468:O	A:TRP:471:N
0	hbbb	A:HIS:650:O	A:ILE:651:N
0	hbbb	A:ASP:519:N	A:SER:518:O
0	hbbb	A:LEU:614:N	A:TYR:613:O
0	hbbb	A:MET:731:N	A:TYR:730:O
0	hbbb	A:ALA:512:N	A:VAL:561:O
0	hbbb	A:PRO:663:O	A:VAL:664:N
0	hbbb	A:SER:685:N	A:TRP:684:O
0	hbbb	A:GLY:698:N	A:THR:695:O
0	hbbb	A:ALA:625:O	A:ASN:628:N
0	hbbb	A:LEU:709:N	A:VAL:706:O
0	hbbb	A:LYS:655:O	A:LYS:656:N
0	hbbb	A:ASP:753:N	A:GLU:752:N
0	hbbb	A:ILE:529:N	A:LEU:528:O
0	hbbb	A:ALA:604:N	A:TYR:605:N
0	hbbb	A:LEU:600:O	A:SER:602:N
0	hbbb	A:GLY:643:N	A:PHE:642:N
0	hbbb	A:GLU:472:N	A:TRP:471:N
0	hbbb	A:ARG:475:N	A:ASP:476:N
0	hbbb	A:LEU:690:N	A:PHE:686:O
0	hbbb	A:ILE:538:N	A:MET:537:N
0	hbbb	A:ASP:503:O	A:LYS:504:N
0	hbsb	A:ARG:475:NH2	A:PRO:556:O
0	hbbb	A:PHE:694:N	A:THR:695:N
0	hbbb	A:GLN:606:N	A:VAL:607:N
0	hbbb	A:LYS:536:N	A:MET:537:N
0	hbbb	A:ARG:756:O	A:LEU:760:N
0	hbsb	A:LYS:598:NZ	A:VAL:758:O
0	hbbb	A:ALA:604:N	A:SER:602:O
0	hbbb	A:LYS:514:N	A:VAL:559:O
0	hbss	A:ARG:470:NH2	A:ASP:468:OD2
0	hbsb	A:ARG:718:NH1	A:HIS:717:O
0	hbsb	A:ASP:634:N	A:THR:632:OG1
0	hbbb	A:LYS:510:N	A:THR:509:O
0	hbss	A:ASN:546:ND2	A:GLU:562:OE1
0	hbbb	A:ARG:577:N	A:LEU:573:O
0	hbbb	A:GLU:692:N	A:ILE:693:N
0	hbbb	A:ASP:554:N	A:GLY:555:N
0	hbbb	A:ALA:626:O	A:VAL:629:N
0	hbbb	A:GLU:707:N	A:PRO:705:O
0	hbbb	A:LEU:547:O	A:LEU:548:N
0	hbsb	A:SER:685:OG	A:TRP:666:O
0	hbbb	A:LEU:600:N	A:LYS:598:O
0	hbbb	A:LEU:573:N	A:TYR:572:O
0	hbbb	A:LEU:690:O	A:TRP:691:N
0	hbbb	A:LEU:689:N	A:SER:685:O
0	hbbb	A:ASP:682:O	A:PHE:686:N
0	hbbb	A:TYR:605:N	A:VAL:601:O
0	hbbb	A:ALA:575:N	A:GLN:574:O
0	hbbb	A:ILE:693:N	A:LEU:689:O
0	hbbb	A:ASP:634:N	A:THR:632:O
0	hbbb	A:ALA:759:N	A:VAL:758:O
0	hbbb	A:MET:637:N	A:VAL:636:O
0	hbsb	A:ARG:577:O	A:GLN:594:NE2
0	hbbb	A:ALA:564:N	A:TYR:563:N
0	hbbb	A:ALA:550:N	A:GLY:549:O
0	hbss	A:ARG:744:NH2	A:GLU:670:OE1
0	hbbb	A:GLU:692:N	A:LEU:689:O
0	hbbb	A:ARG:477:N	A:LEU:478:N
0	hbbb	A:GLY:716:N	A:LEU:713:O
0	hbbb	A:MET:611:O	A:TYR:613:N
0	hbbb	A:LEU:709:O	A:LYS:711:N
0	hbbb	A:GLU:692:N	A:TRP:691:O
0	hbsb	A:ARG:475:NH2	A:CYS:551:O
0	hbsb	A:GLN:594:NE2	A:GLU:592:O
0	hbsb	A:ASN:628:ND2	A:ASP:623:O
0	hbbb	A:ALA:564:N	A:TYR:563:O
0	hbbb	A:LEU:569:N	A:VAL:629:O
0	hbbb	A:ARG:734:N	A:MET:733:N
0	hbbb	A:LEU:516:N	A:MET:515:O
0	hbsb	A:SER:681:OG	A:THR:678:N
0	hbbb	A:GLY:610:O	A:TYR:613:N
0	hbbb	A:ASN:727:O	A:MET:731:N
0	hbbb	A:ARG:576:N	A:TYR:572:O
0	hbbb	A:MET:534:N	A:SER:530:O
0	hbbb	A:GLU:633:N	A:THR:632:O
0	hbbb	A:LYS:598:N	A:SER:597:O
0	hbbb	A:MET:532:N	A:SER:530:O
0	hbbb	A:ASP:674:N	A:PHE:673:O
0	hbsb	A:GLN:553:N	A:THR:552:OG1
0	hbbb	A:ARG:609:O	A:GLY:610:N
0	hbbb	A:LYS:523:O	A:SER:526:N
0	hbbb	A:GLN:606:N	A:SER:602:O
0	hbbb	A:GLU:464:N	A:LEU:465:N
0	hbbb	A:ARG:609:N	A:VAL:607:O
0	hbbb	A:ASN:628:O	A:VAL:629:N
0	hbbb	A:LYS:598:N	A:SER:596:O
0	hbbb	A:GLY:698:O	A:SER:699:N
0	hbbb	A:HIS:738:O	A:VAL:740:N
0	hbbb	A:ASP:524:O	A:LEU:528:N
0	hbbb	A:ALA:759:N	A:LEU:760:N
0	hbbb	A:GLU:522:O	A:SER:526:N
0	hbbb	A:GLY:643:N	A:PHE:642:O
0	hbbb	A:CYS:551:O	A:TYR:558:N
0	hbbb	A:THR:678:N	A:TYR:677:O
0	hbbb	A:VAL:492:O	A:VAL:493:N
0	hbbb	A:LEU:494:N	A:LYS:482:O
0	hbbb	A:ARG:477:N	A:ASP:476:N
0	hbbb	A:ALA:626:O	A:ARG:627:N
0	hbbb	A:ARG:475:N	A:LEU:473:O
0	hbsb	A:THR:632:OG1	A:VAL:636:N
0	hbbb	A:ARG:477:N	A:ASP:476:O
0	hbbb	A:LEU:750:O	A:LEU:754:N
0	hbbb	A:ALA:564:O	A:LYS:566:N
0	hbbb	A:TYR:653:O	A:TYR:654:N
0	hbbb	A:LYS:617:O	A:LYS:618:N
0	hbbb	A:MET:732:O	A:MET:733:N
0	hbbb	A:ALA:575:N	A:GLU:571:O
0	hbbb	A:LEU:630:O	A:VAL:631:N
0	hbbb	A:LEU:614:O	A:LYS:618:N
0	hbbb	A:LEU:600:N	A:VAL:601:N
0	hbbb	A:ILE:693:N	A:LEU:690:O
0	hbbb	A:CYS:603:N	A:SER:602:O
0	hbbb	A:LYS:617:N	A:LYS:618:N
0	hbbb	A:GLY:703:O	A:VAL:704:N
0	hbbb	A:GLY:610:O	A:LEU:614:N
0	hbbb	A:ASP:503:N	A:LYS:502:O
0	hbbb	A:ALA:671:N	A:PRO:669:O
0	hbsb	A:ARG:470:N	A:ASP:468:OD1
0	hbbb	A:LYS:510:N	A:VAL:511:N
0	hbbb	A:LYS:748:N	A:PHE:747:O
0	hbbb	A:PHE:710:N	A:VAL:706:O
0	hbbb	A:SER:602:N	A:VAL:601:O
0	hbbb	A:GLU:728:O	A:MET:731:N
0	hbbb	A:GLU:496:O	A:VAL:479:N
0	hbbb	A:ARG:675:O	A:ILE:676:N
0	hbbb	A:ALA:604:O	A:GLN:606:N
0	hbbb	A:LEU:729:O	A:TYR:730:N
0	hbbb	A:ASP:527:O	A:LEU:528:N
0	hbss	A:ASN:635:OD1	A:LYS:566:NZ
0	hbbb	A:ASP:519:N	A:SER:518:N
0	hbbb	A:SER:681:O	A:TRP:684:N
0	hbbb	A:ALA:626:O	A:LEU:569:N
0	hbbb	A:PRO:700:O	A:TYR:701:N
0	hbsb	A:ASP:524:OD2	A:THR:521:N
0	hbbb	A:LEU:712:N	A:LYS:711:N
0	hbbb	A:ALA:645:N	A:LEU:644:O
0	hbsb	A:ILE:757:O	A:THR:761:OG1
0	hbbb	A:LEU:662:O	A:LYS:665:N
0	hbbb	A:ALA:615:N	A:TYR:613:O
0	hbbb	A:TRP:666:N	A:VAL:664:O
0	hbbb	A:SER:596:O	A:SER:597:N
0	hbss	A:ASN:546:ND2	A:GLU:562:OE2
0	hblb	A:ALA:564:O	A:LWJ:801:N13
0	hbss	A:ASP:468:OD2	A:LYS:536:NZ
0	hbbb	A:ASP:527:O	A:GLU:531:N
0	hbbb	A:ALA:497:N	A:GLU:496:O
0	hbbb	A:LEU:569:O	A:TYR:572:N
0	hbbb	A:ASP:735:N	A:MET:731:O
0	hbbb	A:MET:667:N	A:VAL:664:O
0	hbbb	A:ASP:682:N	A:HIS:679:O
0	hbsb	A:LYS:523:O	A:SER:526:OG
0	hbbb	A:ARG:661:N	A:GLY:660:N
0	hbbb	A:ASP:682:N	A:SER:681:O
0	hbbb	A:ALA:668:N	A:MET:667:O
0	hbsb	A:ASN:543:ND2	A:MET:637:O
0	hbbb	A:LEU:473:N	A:TRP:471:O
0	hbbb	A:ALA:550:N	A:TRP:471:O
0	hbbb	A:THR:632:N	A:VAL:631:O
0	hbbb	A:LEU:760:O	A:THR:761:N
0	hbsb	A:ASP:682:OD2	A:HIS:621:N
0	hbbb	A:ALA:608:N	A:TYR:605:O
0	hbss	A:ARG:609:NE	A:TYR:605:OH
0	hbbb	A:PRO:722:O	A:SER:723:N
0	hbbb	A:ILE:538:N	A:MET:534:O
0	hbsb	A:ASP:623:N	A:HIS:621:ND1
0	hbbb	A:SER:742:N	A:VAL:740:O
0	hbbb	A:GLY:539:N	A:ILE:538:N
0	hbbb	A:ARG:734:O	A:TRP:737:N
0	hbbb	A:ILE:757:N	A:LEU:754:O
0	hbbb	A:LYS:566:N	A:VAL:631:O
0	hbsb	A:SER:526:O	A:SER:530:OG
0	hbbb	A:ILE:560:N	A:VAL:559:O
0	hbbb	A:LEU:484:N	A:PRO:483:O
0	hbsb	A:ASP:720:O	A:TRP:691:NE1
0	hbbb	A:LEU:712:O	A:LEU:713:N
0	hbsb	A:ARG:576:NH2	A:PRO:591:N
0	hbbb	A:GLU:531:O	A:MET:535:N
0	hbbb	A:ASN:546:N	A:ILE:545:O
0	hbbb	A:ALA:645:N	A:ARG:646:N
0	hbbb	A:MET:731:N	A:MET:732:N
0	hbsb	A:ARG:622:N	A:ASP:682:OD1
0	hbss	A:ASP:599:OD2	A:SER:596:OG
0	hbbb	A:GLU:533:O	A:MET:537:N
0	hbbb	A:GLU:708:O	A:LYS:711:N
0	hbbb	A:LEU:689:N	A:LEU:690:N
0	hbss	A:ASN:635:OD1	A:TYR:572:OH
0	hbbb	A:ALA:497:N	A:THR:509:O
0	hbbb	A:PHE:686:N	A:TRP:684:O
0	hbbb	A:GLU:522:O	A:LYS:523:N
0	hbbb	A:THR:657:O	A:THR:658:N
0	hbbb	A:ALA:625:O	A:ARG:627:N
0	hbbb	A:GLY:567:N	A:SER:565:O
0	hbbb	A:MET:732:N	A:TYR:730:O
0	hbbb	A:ARG:470:O	A:TRP:471:N
0	hbbb	A:CYS:736:O	A:TRP:737:N
0	hbsb	A:GLU:472:OE2	A:THR:552:N
0	hbsb	A:ARG:576:NH1	A:TYR:572:O
0	hbbb	A:ALA:615:O	A:LYS:618:N
0	hbbb	A:GLY:687:O	A:TRP:691:N
0	hbbb	A:ASN:546:N	A:ILE:544:O
0	hbbb	A:ASN:727:O	A:GLU:728:N
0	hbbb	A:LEU:494:N	A:VAL:493:O
0	hbbb	A:GLY:660:N	A:THR:657:O
0	hbbb	A:ALA:626:N	A:ARG:627:N
0	hbbb	A:ASP:468:N	A:PRO:469:N
0	hbbb	A:LYS:517:O	A:SER:518:N
0	hbbb	A:ARG:609:N	A:GLN:606:O
0	hbbb	A:LYS:655:N	A:TYR:654:N
0	hbbb	A:GLN:680:O	A:VAL:683:N
0	hbbb	A:LYS:536:N	A:MET:535:O
0	hbbb	A:ILE:676:O	A:TYR:677:N
0	hbbb	A:LEU:662:O	A:VAL:664:N
0	hbbb	A:ILE:529:N	A:LEU:525:O
0	hbbb	A:GLU:522:N	A:THR:521:O
0	hbbb	A:SER:526:O	A:SER:530:N
0	hbbb	A:GLN:743:N	A:VAL:740:O
0	hbbb	A:ALA:645:O	A:ARG:646:N
0	hbbb	A:ARG:475:N	A:PRO:474:O
0	hbbb	A:ASN:543:N	A:LYS:542:O
0	hbbb	A:ILE:693:O	A:PHE:694:N
0	hbbb	A:ASP:527:O	A:SER:530:N
0	hbbb	A:GLN:594:N	A:GLU:592:O
0	hbbb	A:GLY:610:N	A:MET:611:N
0	hbbb	A:GLY:485:N	A:LEU:484:O
0	hbsb	A:LYS:598:N	A:SER:597:OG
0	hbbb	A:ARG:756:N	A:ASP:755:O
0	hbsb	A:MET:667:O	A:TRP:684:NE1
0	hbbb	A:ASN:546:O	A:GLU:562:N
0	hbbb	A:HIS:717:N	A:LEU:712:O
0	hbsb	A:ARG:477:NH2	A:ASP:476:O
0	hbbb	A:ASP:720:N	A:MET:719:O
0	hbbb	A:LYS:514:N	A:VAL:513:O
0	hbsb	A:GLN:606:OE1	A:MET:637:N
0	hbbb	A:LEU:478:O	A:VAL:479:N
0	hbbb	A:LEU:480:N	A:VAL:479:O
0	hbbb	A:ARG:661:O	A:LEU:662:N
0	hbss	A:GLU:472:OE1	A:THR:552:OG1
0	hbbb	A:GLU:531:N	A:LEU:528:O
0	hbbb	A:ARG:570:N	A:LEU:569:O
0	hbbb	A:LYS:665:N	A:PRO:663:O
0	hbbb	A:MET:733:O	A:TRP:737:N
0	hbbb	A:GLU:562:N	A:VAL:561:O
0	hbbb	A:GLN:606:O	A:VAL:607:N
0	hbbb	A:GLY:499:O	A:LEU:500:N
0	hbbb	A:ARG:576:N	A:GLN:574:O
0	hbbb	A:LEU:709:O	A:LEU:712:N
0	hbbb	A:GLU:562:O	A:TYR:563:N
0	hbbb	A:ALA:625:O	A:ALA:626:N
0	hbbb	A:PRO:702:O	A:VAL:704:N
0	hbbb	A:MET:534:O	A:MET:535:N
0	hbbb	A:HIS:679:N	A:THR:678:O
0	hbbb	A:ARG:475:O	A:ASP:476:N
0	hbbb	A:SER:616:N	A:TYR:613:O
0	hbbb	A:GLU:728:O	A:TYR:730:N
0	hbbb	A:GLU:612:O	A:SER:616:N
0	hbbb	A:ASP:755:N	A:GLU:752:O
0	hbbb	A:ARG:609:O	A:TYR:613:N
0	hbbb	A:ARG:675:N	A:ILE:676:N
0	hbbb	A:GLN:749:N	A:LYS:748:O
0	hbbb	A:GLU:533:N	A:MET:532:O
0	hbbb	A:GLU:612:N	A:TYR:613:N
0	hbbb	A:TYR:701:O	A:VAL:704:N
0	hbbb	A:PHE:686:N	A:VAL:683:O
0	hbbb	A:ARG:734:N	A:MET:731:O
0	hbbb	A:GLU:692:O	A:THR:695:N
0	hbbb	A:ASP:599:O	A:CYS:603:N
0	hbbb	A:ILE:693:O	A:THR:695:N
0	hbbb	A:ASP:476:N	A:PRO:474:O
0	hbsb	A:LYS:665:NZ	A:TYR:701:O
0	hbbb	A:ASP:652:N	A:ILE:651:O
0	hbbb	A:ASP:735:O	A:CYS:736:N
0	hbbb	A:GLN:749:O	A:GLU:752:N
0	hbbb	A:ARG:718:O	A:MET:719:N
0	hbbb	A:ALA:495:N	A:LEU:494:O
0	hbbb	A:PRO:741:N	A:SER:742:N
0	hbbb	A:LYS:566:N	A:SER:565:N
0	hbbb	A:ASP:735:O	A:HIS:738:N
0	hblb	A:ALA:564:N	A:LWJ:801:O21
0	hbbb	A:SER:681:O	A:SER:685:N
0	hbbb	A:GLY:549:O	A:ILE:560:N
0	hbbb	A:ALA:608:N	A:VAL:607:O
0	hbbb	A:ASP:652:N	A:HIS:650:O
0	hbsb	A:SER:616:OG	A:TYR:613:O
0	hbbb	A:GLU:592:N	A:PRO:591:O
0	hbsb	A:ASN:546:ND2	A:HIS:541:O
0	hbbb	A:PRO:705:O	A:VAL:706:N
0	hbbb	A:GLN:680:N	A:HIS:679:N
0	hbbb	A:SER:685:O	A:VAL:688:N
0	hbsb	A:ARG:661:O	A:THR:657:OG1
0	hbbb	A:PRO:663:O	A:TRP:666:N
0	hbbb	A:ILE:529:O	A:MET:532:N
0	hbbb	A:GLN:743:N	A:PRO:741:O
0	hbbb	A:ARG:734:N	A:TYR:730:O
0	hbbb	A:LEU:709:O	A:PHE:710:N
0	hbsb	A:HIS:541:ND1	A:LYS:542:N
0	hbbb	A:ALA:640:N	A:ILE:639:O
0	hbbb	A:ALA:495:O	A:GLU:496:N
0	hbbb	A:PHE:747:O	A:VAL:751:N
0	hbss	A:ARG:470:NE	A:ASP:468:OD2
0	hbbb	A:GLU:592:O	A:GLU:593:N
0	hbbb	A:HIS:541:O	A:ILE:544:N
0	hbbb	A:ASP:735:O	A:TRP:737:N
0	hbbb	A:ALA:671:N	A:GLU:670:N
0	hbbb	A:ALA:671:O	A:LEU:672:N
0	hbbb	A:GLN:743:N	A:SER:742:O
0	hbbb	A:LEU:690:O	A:PHE:694:N
0	hbbb	A:ARG:477:O	A:LEU:478:N
0	hbbb	A:MET:731:O	A:MET:732:N
0	hbbb	A:GLU:571:O	A:TYR:572:N
0	hbbb	A:ASP:524:N	A:LYS:523:O
0	hbbb	A:ASP:599:N	A:LYS:598:O
0	hbsb	A:LEU:672:O	A:TYR:653:OH
0	hbbb	A:GLY:549:N	A:LEU:548:O
0	hbbb	A:ALA:520:N	A:LYS:517:O
0	hbbb	A:LEU:689:O	A:TRP:691:N
0	hbbb	A:CYS:619:N	A:LYS:618:O
0	hbbb	A:GLY:703:N	A:TYR:701:O
0	hbsb	A:ARG:718:NH2	A:TRP:737:O
0	hbbb	A:ALA:615:O	A:SER:616:N
0	hbbb	A:ALA:625:N	A:ASP:623:O
0	hbbb	A:GLU:715:N	A:LEU:713:O
0	hbsb	A:LYS:665:NZ	A:VAL:704:O
0	hbbb	A:LYS:536:N	A:MET:534:O
0	hbbb	A:THR:632:N	A:VAL:636:O
0	hbss	A:GLU:692:OE2	A:TRP:666:NE1
0	hbbb	A:ARG:470:N	A:TRP:471:N
0	hbbb	A:GLY:567:O	A:VAL:631:N
0	hbbb	A:CYS:736:N	A:MET:733:O
0	hbbb	A:GLY:481:N	A:LEU:480:O
0	hbbb	A:GLU:707:O	A:LYS:711:N
0	hbbb	A:ASN:635:N	A:ASP:634:O
0	hbsb	A:ASN:543:N	A:HIS:541:ND1
0	hbbb	A:ALA:625:N	A:LEU:624:O
0	hbbb	A:ASN:635:O	A:VAL:636:N
0	hbbb	A:ARG:744:N	A:GLN:743:O
0	hbbb	A:LEU:600:O	A:VAL:601:N
0	hbbb	A:ASP:527:N	A:LYS:523:O
0	hbbb	A:PRO:705:N	A:VAL:704:N
0	hbbb	A:ILE:757:O	A:VAL:758:N
0	hbbb	A:ASP:753:N	A:LEU:754:N
0	hbbb	A:GLN:749:O	A:LEU:750:N
0	hbbb	A:LEU:569:O	A:LEU:573:N
0	hbsb	A:ARG:744:NH2	A:HIS:738:O
0	hbbb	A:LYS:617:N	A:SER:616:O
0	hbbb	A:ILE:639:N	A:LYS:638:O
0	hbsb	A:ASN:546:N	A:GLU:562:OE1
0	hbss	A:ASP:753:OD1	A:GLN:749:NE2
0	hbbb	A:LEU:525:O	A:SER:526:N
0	hbbb	A:GLU:728:O	A:MET:732:N
0	hbbb	A:ARG:570:O	A:LEU:573:N
0	hbbb	A:ALA:668:O	A:ALA:671:N
0	hbbb	A:LEU:750:O	A:VAL:751:N
0	hbbb	A:GLU:472:O	A:LEU:473:N
0	hbbb	A:ASP:674:N	A:GLU:670:O
0	hbsb	A:ARG:570:N	A:ASN:568:OD1
0	hbbb	A:CYS:619:N	A:LYS:617:O
0	hbbb	A:GLU:612:N	A:MET:611:O
0	hbbb	A:TRP:684:N	A:VAL:683:O
0	hbbb	A:ARG:470:N	A:PRO:469:O
0	hbsb	A:ALA:626:N	A:GLU:692:OE2
0	hbbb	A:ARG:661:N	A:GLY:660:O
0	hbbb	A:MET:667:N	A:TRP:666:N
0	hbsb	A:ASN:546:ND2	A:ILE:544:O
0	hbbb	A:GLY:610:O	A:MET:611:N
0	hbsb	A:MET:719:O	A:TYR:730:OH
0	hbbb	A:ASP:753:O	A:LEU:754:N
0	hbbb	A:LEU:662:N	A:PRO:663:N
0	hbbb	A:ALA:604:O	A:TYR:605:N
0	hbbb	A:GLY:481:O	A:LYS:482:N
0	hbbb	A:GLY:697:N	A:LEU:696:O
0	hbbb	A:GLN:594:O	A:LEU:595:N
0	hbbb	A:GLY:549:N	A:ILE:560:O
0	hbbb	A:PHE:694:O	A:THR:695:N
0	hbss	A:GLU:707:OE1	A:TYR:654:OH
0	hbbb	A:ARG:570:O	A:GLU:571:N
0	hbbb	A:LYS:714:N	A:PHE:710:O
0	hbbb	A:LYS:656:O	A:THR:657:N
0	hbbb	A:LYS:536:O	A:MET:537:N
0	hbsb	A:LYS:542:O	A:LYS:638:NZ
0	hbbb	A:ASP:634:N	A:GLU:633:O
0	hbbb	A:LYS:502:O	A:LYS:504:N
0	hbbb	A:ILE:757:O	A:THR:761:N
0	hbbb	A:GLY:697:O	A:GLY:698:N
0	hbbb	A:ILE:498:O	A:LEU:500:N
0	hbbb	A:ALA:608:O	A:ARG:609:N
0	hbsb	A:ALA:739:N	A:HIS:738:ND1
0	hbbb	A:GLU:496:N	A:VAL:479:O
0	hbbb	A:GLN:680:N	A:THR:678:O
0	hbbb	A:ARG:507:O	A:GLY:499:N
0	hbbb	A:MET:667:N	A:TRP:666:O
0	hbbb	A:LEU:713:N	A:LYS:711:O
0	hbsb	A:GLN:553:N	A:GLU:472:OE2
0	wb	A:GLU:670:OE1	A:THR:678:OG1	A:HOH:912:O
0	wb	A:ILE:676:O	A:THR:678:OG1	A:HOH:912:O
0	wb	A:GLU:670:OE1	A:ILE:676:O	A:HOH:912:O
0	wb	A:ASP:682:OD2	A:HIS:679:ND1	A:HOH:913:O
0	wb	A:CYS:619:O	A:HIS:679:ND1	A:HOH:913:O
0	wb	A:ASP:682:OD2	A:CYS:619:O	A:HOH:913:O
0	wb2	A:ALA:668:N	A:SER:681:OG	A:HOH:914:O	A:HOH:918:O
0	wb2	A:ALA:668:N	A:ASP:682:OD1	A:HOH:914:O	A:HOH:918:O
0	wb	A:ALA:668:N	A:SER:681:O	A:HOH:914:O
0	wb	A:ALA:668:N	A:SER:685:OG	A:HOH:914:O
0	wb2	A:ASP:682:OD1	A:SER:681:O	A:HOH:914:O	A:HOH:918:O
0	wb2	A:SER:681:OG	A:SER:685:OG	A:HOH:914:O	A:HOH:918:O
0	wb2	A:ASP:682:OD1	A:SER:685:OG	A:HOH:914:O	A:HOH:918:O
0	wb	A:SER:681:O	A:SER:685:OG	A:HOH:914:O
0	wb	A:ASP:623:N	A:ASP:682:OD1	A:HOH:915:O
0	wb	A:ASP:623:N	A:LEU:624:N	A:HOH:915:O
0	wb	A:ASP:623:N	A:SER:685:OG	A:HOH:915:O
0	wb	A:ASP:682:OD1	A:LEU:624:N	A:HOH:915:O
0	wb	A:ASP:682:OD1	A:SER:685:OG	A:HOH:915:O
0	wb	A:LEU:624:N	A:SER:685:OG	A:HOH:915:O
0	wb	A:ASP:468:O	A:GLU:472:OE1	A:HOH:916:O
0	wb	A:ASP:468:O	A:GLU:472:N	A:HOH:916:O
0	wb	A:GLU:496:OE2	A:LYS:510:NZ	A:HOH:917:O
0	wb	A:ASP:682:OD1	A:SER:681:OG	A:HOH:918:O
0	wb	A:ASN:506:N	A:PRO:505:N	A:HOH:924:O
0	wb	A:ARG:646:NH2	A:ASP:623:OD2	A:HOH:926:O
0	wb	A:ARG:718:NE	A:ARG:734:O	A:HOH:927:O
0	wb	A:ARG:734:O	A:TRP:737:O	A:HOH:927:O
0	wb	A:ARG:718:NE	A:ARG:734:NE	A:HOH:927:O
0	wb	A:ARG:718:NE	A:TRP:737:O	A:HOH:927:O
0	wb	A:ARG:734:NE	A:TRP:737:O	A:HOH:927:O
0	wb	A:LYS:510:O	A:TYR:563:N	A:HOH:928:O
0	wb	A:ARG:570:NH1	A:ARG:661:NH1	A:HOH:930:O
0	wb	A:ARG:627:NE	A:ASP:623:OD2	A:HOH:931:O
0	wb	A:SER:565:OG	A:TYR:563:O	A:HOH:932:O
0	wb	A:SER:565:N	A:TYR:563:O	A:HOH:932:O
0	wb	A:GLU:633:N	A:TYR:563:O	A:HOH:932:O
0	wb	A:GLU:633:N	A:SER:565:OG	A:HOH:932:O
0	wb	A:GLU:633:N	A:SER:565:N	A:HOH:932:O
0	wb	A:LYS:665:NZ	A:PRO:700:O	A:HOH:934:O
0	wb	A:LYS:665:NZ	A:SER:699:OG	A:HOH:934:O
0	wb	A:PRO:700:O	A:SER:699:OG	A:HOH:934:O
0	wb	A:ASN:546:OD1	A:LEU:547:N	A:HOH:935:O
0	wb	A:MET:719:N	A:TYR:701:OH	A:HOH:938:O
0	wb2	A:ASN:727:ND2	A:GLU:728:N	A:HOH:940:O	A:HOH:942:O
0	wb	A:ASN:727:N	A:GLU:728:N	A:HOH:942:O
0	wb2	A:PRO:745:O	A:SER:742:O	A:HOH:901:O	A:HOH:923:O
0	wb	A:PRO:741:O	A:SER:742:O	A:HOH:901:O
0	wb2	A:GLN:680:NE2	A:SER:742:O	A:HOH:901:O	A:HOH:921:O
0	wb	A:ARG:744:O	A:SER:742:O	A:HOH:901:O
0	wb2	A:PRO:741:O	A:PRO:745:O	A:HOH:901:O	A:HOH:923:O
0	wb2	A:ARG:744:O	A:PRO:745:O	A:HOH:901:O	A:HOH:923:O
0	wb2	A:GLN:680:NE2	A:PRO:741:O	A:HOH:901:O	A:HOH:921:O
0	wb	A:ARG:744:O	A:PRO:741:O	A:HOH:901:O
0	wb2	A:ARG:744:O	A:GLN:680:NE2	A:HOH:901:O	A:HOH:921:O
0	wb2	A:LYS:748:N	A:PHE:747:N	A:HOH:944:O	A:HOH:945:O
0	wb	A:LYS:665:O	A:TRP:684:NE1	A:HOH:902:O
0	wb	A:ALA:497:O	A:ARG:507:O	A:HOH:903:O
0	wb	A:ARG:507:O	A:LEU:500:N	A:HOH:903:O
0	wb	A:ARG:507:O	A:GLY:499:N	A:HOH:903:O
0	wb	A:ARG:507:O	A:THR:509:OG1	A:HOH:903:O
0	wb	A:ALA:497:O	A:LEU:500:N	A:HOH:903:O
0	wb	A:ALA:497:O	A:GLY:499:N	A:HOH:903:O
0	wb	A:ALA:497:O	A:THR:509:OG1	A:HOH:903:O
0	wb	A:GLY:499:N	A:LEU:500:N	A:HOH:903:O
0	wb	A:LEU:500:N	A:THR:509:OG1	A:HOH:903:O
0	wb	A:GLY:499:N	A:THR:509:OG1	A:HOH:903:O
0	wb	A:ARG:661:NH1	A:GLY:697:O	A:HOH:904:O
0	wb	A:GLU:692:OE1	A:GLY:697:O	A:HOH:904:O
0	wb	A:GLY:697:O	A:GLY:698:O	A:HOH:904:O
0	wb	A:ARG:661:NH1	A:GLU:692:OE1	A:HOH:904:O
0	wb	A:ARG:661:NH1	A:GLY:698:O	A:HOH:904:O
0	wb	A:GLU:692:OE1	A:GLY:698:O	A:HOH:904:O
0	wb	A:ARG:646:NH2	A:ASP:641:O	A:HOH:905:O
0	wb	A:ARG:646:NH2	A:HIS:621:O	A:HOH:905:O
0	wb	A:ARG:646:NE	A:ASP:641:O	A:HOH:905:O
0	wb	A:ASP:641:O	A:HIS:621:O	A:HOH:905:O
0	wb	A:ARG:646:NE	A:HIS:621:O	A:HOH:905:O
0	wb	A:GLU:728:OE1	A:THR:726:OG1	A:HOH:907:O
0	wb2	A:GLN:680:NE2	A:SER:742:O	A:HOH:908:O	A:HOH:921:O
0	hp	A:ILE:538:CG2	A:LEU:614:CD2
0	hp	A:ILE:538:CD1	A:PHE:642:CD1
0	hp	A:ILE:538:CD1	A:PHE:642:CE1
0	hp	A:LEU:547:CD2	A:TRP:471:CE3
0	hp	A:LEU:547:CD2	A:TRP:471:CD2
0	hp	A:ILE:529:CG1	A:LEU:557:CD2
0	hp	A:ILE:529:CG1	A:LEU:465:CD2
0	hp	A:ILE:529:CD1	A:LEU:465:CD2
0	hp	A:LEU:465:CD1	A:LEU:557:CD2
0	hp	A:ALA:608:CB	A:VAL:751:CG2
0	hp	A:PHE:747:CZ	A:VAL:683:CG2
0	hp	A:PHE:747:CE2	A:VAL:683:CG2
0	hp	A:LEU:614:CD2	A:PHE:642:CD1
0	hp	A:ILE:639:CG2	A:LEU:614:CD1
0	hp	A:LEU:614:CD1	A:PHE:642:CG
0	hp	A:ILE:544:CG2	A:LEU:614:CG
0	hp	A:LEU:614:CD1	A:PHE:642:CB
0	hplp	A:LWJ:801:C27	A:PHE:642:CZ
0	hp	A:LEU:547:CD1	A:VAL:559:CG1
0	hp	A:LEU:516:CD1	A:LEU:525:CD1
0	hp	A:LEU:516:CD1	A:LEU:525:CB
0	hp	A:LEU:750:CD2	A:PRO:745:CG
0	hp	A:ALA:608:CB	A:PHE:686:CZ
0	hp	A:LEU:750:CD1	A:PHE:686:CD2
0	hp	A:PHE:686:CB	A:PHE:747:CE1
0	hp	A:PHE:686:CG	A:PHE:747:CE1
0	hp	A:ALA:668:CB	A:TRP:684:CB
0	hp	A:ALA:668:CB	A:TRP:684:CG
0	hplp	A:LWJ:801:C27	A:PHE:642:CD2
0	hplp	A:LWJ:801:C27	A:PHE:642:CE2
0	hp	A:LEU:548:CD1	A:VAL:511:CG1
0	hp	A:ILE:545:CG2	A:VAL:561:CB
0	hp	A:ILE:560:CG2	A:VAL:511:CB
0	hp	A:ILE:560:CG2	A:VAL:511:CG2
0	hp	A:LEU:528:CD1	A:VAL:559:CG2
0	hp	A:LEU:528:CG	A:VAL:559:CG2
0	hp	A:ILE:560:CD1	A:LEU:473:CD2
0	hp	A:ILE:560:CD1	A:LEU:478:CD2
0	hp	A:LEU:516:CD2	A:LEU:528:CD2
0	hp	A:LEU:516:CG	A:LEU:528:CD2
0	hp	A:LEU:729:CD2	A:LEU:754:CD2
0	hp	A:PRO:669:CG	A:TRP:684:CZ3
0	hp	A:PRO:669:CG	A:TRP:684:CH2
0	hp	A:PHE:686:CE1	A:VAL:607:CG1
0	hp	A:LEU:624:CD2	A:PHE:686:CB
0	hp	A:ILE:639:CD1	A:VAL:607:CG1
0	hp	A:LEU:689:CD1	A:VAL:607:CG1
0	hp	A:PHE:686:CD1	A:VAL:607:CG1
0	hp	A:LEU:624:CG	A:LEU:689:CD1
0	hp	A:LEU:624:CD1	A:LEU:689:CD1
0	hp	A:LEU:672:CD2	A:PHE:710:CE1
0	hp	A:LEU:672:CD1	A:VAL:664:CB
0	hp	A:LEU:672:CD1	A:VAL:664:CG1
0	hp	A:LEU:672:CD2	A:LEU:713:CD1
0	hp	A:ALA:640:CB	A:ILE:545:CG1
0	hp	A:ILE:545:CD1	A:LEU:630:CD1
0	hp	A:ALA:640:CB	A:LEU:630:CD1
0	hplp	A:ILE:545:CG2	A:LWJ:801:C23
0	hp	A:ILE:545:CG2	A:VAL:561:CG2
0	hplp	A:LWJ:801:C24	A:VAL:561:CG2
0	hplp	A:LWJ:801:C25	A:VAL:561:CG2
0	hp	A:ALA:512:CB	A:VAL:561:CG2
0	hp	A:ALA:497:CB	A:LEU:478:CD1
0	hp	A:LEU:478:CD1	A:VAL:511:CG2
0	hp	A:ALA:495:CB	A:VAL:511:CG2
0	hp	A:LEU:478:CD2	A:VAL:513:CG2
0	hp	A:ALA:495:CB	A:VAL:513:CG2
0	hp	A:ILE:498:CG1	A:VAL:508:CG1
0	hp	A:ILE:757:CG2	A:VAL:601:CG1
0	hp	A:VAL:601:CG1	A:VAL:758:CG2
0	hp	A:ALA:604:CB	A:LEU:690:CD2
0	hp	A:ALA:604:CB	A:ILE:693:CD1
0	hp	A:VAL:607:CG2	A:VAL:629:CG1
0	hp	A:LEU:689:CD1	A:VAL:629:CG2
0	hp	A:LEU:569:CD2	A:VAL:629:CG1
0	hp	A:LEU:569:CB	A:VAL:629:CB
0	hp	A:LEU:709:CD2	A:VAL:664:CG2
0	hp	A:ALA:564:CB	A:LEU:630:CB
0	hplp	A:LEU:630:CD1	A:LWJ:801:C16
0	hp	A:LEU:729:CD1	A:PHE:694:CZ
0	hp	A:LEU:729:CD1	A:VAL:601:CG2
0	hp	A:LEU:600:CB	A:PHE:694:CE1
0	hp	A:PRO:700:CG	A:TRP:666:CZ2
0	hp	A:PRO:700:CG	A:TRP:666:CH2
0	hp	A:LEU:662:CD2	A:VAL:706:CG2
0	hplp	A:LEU:484:CD2	A:LWJ:801:C6
0	hplp	A:LEU:484:CB	A:LWJ:801:C14
0	hp	A:LEU:484:CG	A:LEU:494:CB
0	hp	A:LEU:484:CD1	A:LEU:494:CB
0	hp	A:LEU:600:CD2	A:LEU:696:CD2
