# total_frames:1 beg:0 end:0 stride:1 interaction_types:hp,sb,pc,ps,ts,vdw,hb
# Columns: frame, interaction_type, atom_1, atom_2[, atom_3[, atom_4]]
0	sb	B:ASP:935:OD2	B:LYS:917:NZ
0	sb	B:ARG:926:NH2	B:GLU:849:OE1
0	sb	B:ARG:926:NH2	B:GLU:849:OE2
0	sb	B:GLU:746:OE2	B:LYS:751:NZ
0	sb	B:ASP:822:OD1	B:LYS:709:NZ
0	sb	B:ASP:852:OD2	B:LYS:898:NZ
0	sb	B:GLU:725:OE1	B:LYS:709:NZ
0	sb	B:ARG:926:NH1	B:GLU:849:OE2
0	sb	B:GLU:755:OE2	B:LYS:819:NZ
0	sb	B:ASP:863:OD2	B:HIS:795:NE2
0	sb	B:ARG:683:NH1	B:GLU:710:OE1
0	sb	B:ARG:926:NH1	B:GLU:849:OE1
0	sb	B:GLU:789:OE1	B:LYS:735:NZ
0	sb	B:ASP:796:OD2	B:LYS:792:NZ
0	sb	B:GLU:725:OE2	B:LYS:709:NZ
0	sb	B:ARG:683:NH2	B:GLU:710:OE1
0	sb	B:ARG:705:NH1	B:GLU:676:OE1
0	sb	B:GLU:789:OE2	B:LYS:735:NZ
0	pc	B:HIS:795:CD2	B:LYS:860:NZ
0	pc	B:ARG:683:NH1	B:TYR:675:CE1
0	pc	B:LYS:878:NZ	B:TYR:882:CE1
0	pc	B:ARG:683:NH2	B:TYR:695:CE1
0	pc	B:HIS:734:NE2	B:TYR:793:CE1
0	pc	B:ARG:683:NH1	B:TYR:695:CE1
0	pc	B:HIS:900:ND1	B:PHE:919:CE1
0	pc	B:HIS:734:ND1	B:TYR:793:CE1
0	pc	B:ARG:683:NH2	B:TYR:675:CE1
0	pc	B:HIS:734:CD2	B:LYS:735:NZ
0	pc	B:HIS:731:CD2	B:LYS:730:NZ
0	pc	B:ARG:802:NH1	B:TYR:858:CE1
0	pc	B:HIS:801:NE2	B:PHE:823:CE1
0	pc	B:HIS:900:NE2	B:PHE:919:CE1
0	pc	B:HIS:729:NE2	B:PHE:823:CE1
0	pc	B:ARG:802:NH2	B:PHE:839:CE1
0	ps	B:HIS:900:CD2	B:PHE:919:CE1
0	ps	B:PHE:839:CE1	B:TYR:858:CE1
0	ps	B:HIS:734:CD2	B:TYR:793:CE1
0	ts	B:PHE:919:CE1	B:TRP:865:CD2
0	ts	B:PHE:782:CE1	B:TYR:783:CE1
0	vdw	B:HIS:795:O	B:LYS:860:NZ
0	vdw	B:HIS:795:O	B:LYS:860:CE
0	vdw	B:GLN:798:OE1	B:LYS:860:NZ
0	vdw	B:HIS:795:C	B:LYS:860:NZ
0	vdw	B:ARG:828:CA	B:GLN:798:O
0	vdw	B:ARG:828:C	B:GLN:798:O
0	vdw	B:GLN:798:O	B:LEU:829:N
0	vdw	B:ASN:930:OD1	B:LYS:792:CD
0	vdw	B:ASN:930:OD1	B:LYS:792:CE
0	vdw	B:ASN:930:CG	B:LYS:792:NZ
0	vdw	B:ASN:930:OD1	B:LYS:792:NZ
0	vdw	B:LEU:933:CD1	B:LYS:792:CD
0	vdw	B:HIS:795:CE1	B:LYS:860:CB
0	vdw	B:HIS:734:CD2	B:TYR:793:CB
0	vdw	B:HIS:734:CG	B:TYR:793:CB
0	vdw	B:HIS:795:CB	B:LYS:860:CD
0	vdw	B:LYS:860:N	B:VAL:800:CG1
0	vdw	B:HIS:734:CB	B:TYR:793:CG
0	vdw	B:HIS:734:CG	B:TYR:793:CG
0	vdw	B:HIS:734:CB	B:TYR:793:CD2
0	vdw	B:ILE:799:O	B:LEU:794:C
0	vdw	B:ILE:799:N	B:LEU:794:O
0	vdw	B:ILE:799:CA	B:LEU:794:O
0	vdw	B:ILE:799:O	B:LEU:794:O
0	vdw	B:ILE:799:CB	B:LEU:794:O
0	vdw	B:ILE:799:CA	B:LYS:827:O
0	vdw	B:LYS:827:O	B:VAL:800:N
0	vdw	B:ILE:799:O	B:LEU:794:CB
0	vdw	B:LYS:733:N	B:TYR:793:OH
0	vdw	B:HOH:1128:O	B:LYS:733:CA
0	vdw	B:LYS:733:N	B:TYR:793:CZ
0	vdw	B:LEU:732:CA	B:TYR:793:OH
0	vdw	B:LEU:732:C	B:TYR:793:OH
0	vdw	B:ILE:799:CD1	B:LEU:732:CD2
0	vdw	B:ILE:799:CD1	B:LEU:728:CD1
0	vdw	B:ARG:802:NH2	B:LYS:827:CB
0	vdw	B:LYS:827:O	B:VAL:800:CG2
0	vdw	B:HOH:1123:O	B:LEU:732:O
0	vdw	B:HIS:729:O	B:TYR:740:CB
0	vdw	B:LEU:728:CD2	B:SER:826:CB
0	vdw	B:LEU:728:CD2	B:SER:826:C
0	vdw	B:ARG:802:NH2	B:LYS:827:CG
0	vdw	B:ARG:802:NH2	B:LYS:827:CD
0	vdw	B:LYS:730:CA	B:TYR:740:CE2
0	vdw	B:LYS:730:CB	B:TYR:740:CE2
0	vdw	B:LYS:730:CA	B:TYR:740:CG
0	vdw	B:LYS:730:CB	B:TYR:740:CZ
0	vdw	B:LYS:730:CA	B:TYR:740:CD2
0	vdw	B:LYS:730:CB	B:TYR:740:CD2
0	vdw	B:ILE:726:CG2	B:SER:743:OG
0	vdw	B:LYS:939:CE	B:VAL:934:O
0	vdw	B:LYS:939:NZ	B:VAL:934:O
0	vdw	B:GLU:920:CD	B:LYS:925:CD
0	vdw	B:GLU:920:OE2	B:LYS:925:CD
0	vdw	B:GLU:920:CG	B:LYS:925:C
0	vdw	B:GLU:920:CG	B:LYS:925:CB
0	vdw	B:ARG:926:N	B:GLU:920:CG
0	vdw	B:ARG:926:CA	B:GLU:920:CB
0	vdw	B:ARG:926:CA	B:GLU:920:CG
0	vdw	B:GLU:920:CD	B:LYS:925:CB
0	vdw	B:LEU:788:CB	B:LEU:933:CG
0	vdw	B:LEU:788:CB	B:LEU:933:CD2
0	vdw	B:ALA:927:O	B:ILE:864:CG2
0	vdw	B:ALA:861:CB	B:PRO:923:O
0	vdw	B:ASN:736:OD1	B:GLU:789:CB
0	vdw	B:GLU:789:CD	B:LYS:735:NZ
0	vdw	B:GLU:789:OE2	B:LYS:735:NZ
0	vdw	B:ALA:861:C	B:ARG:926:NH1
0	vdw	B:ALA:861:CB	B:ARG:926:NH1
0	vdw	B:GLU:849:CD	B:PRO:923:CB
0	vdw	B:GLU:849:OE1	B:PRO:923:CB
0	vdw	B:GLU:789:C	B:HIS:734:CE1
0	vdw	B:GLU:789:O	B:HIS:734:CE1
0	vdw	B:GLY:790:CA	B:ILE:820:CD1
0	vdw	B:GLY:790:C	B:ILE:820:CD1
0	vdw	B:ASP:863:OD2	B:HIS:795:NE2
0	vdw	B:HIS:795:CE1	B:LYS:860:CA
0	vdw	B:ASP:863:OD2	B:HIS:801:N
0	vdw	B:ASP:863:OD2	B:VAL:800:CA
0	vdw	B:ASP:863:OD2	B:VAL:800:C
0	vdw	B:ASP:863:CB	B:HIS:795:CE1
0	vdw	B:ASP:863:CB	B:HIS:795:NE2
0	vdw	B:ASP:863:CG	B:HIS:795:NE2
0	vdw	B:HIS:795:CE1	B:LYS:860:O
0	vdw	B:LYS:860:CA	B:VAL:800:CG1
0	vdw	B:GLY:857:C	B:ILE:850:CD1
0	vdw	B:GLY:857:O	B:ILE:850:CD1
0	vdw	B:HIS:734:O	B:HOH:1128:O
0	vdw	B:HIS:734:O	B:HOH:1104:O
0	vdw	B:LEU:732:CD1	B:LEU:794:CD2
0	vdw	B:LEU:794:CD2	B:PHE:823:CE2
0	vdw	B:ASP:863:CG	B:HIS:801:N
0	vdw	B:ARG:802:CG	B:TYR:858:CD1
0	vdw	B:GLY:859:C	B:VAL:800:CG1
0	vdw	B:ILE:850:CD1	B:TYR:858:CA
0	vdw	B:ILE:850:CD1	B:TYR:858:CG
0	vdw	B:ILE:850:CD1	B:TYR:858:N
0	vdw	B:HIS:734:N	B:HOH:1128:O
0	vdw	B:GLN:739:OE1	B:HOH:1128:O
0	vdw	B:HOH:1128:O	B:ILE:737:CB
0	vdw	B:GLN:739:CD	B:HOH:1128:O
0	vdw	B:HOH:1123:O	B:HOH:1128:O
0	vdw	B:HOH:1128:O	B:ILE:737:C
0	vdw	B:HOH:1128:O	B:ILE:737:O
0	vdw	B:ILE:737:CG2	B:PHE:823:CE1
0	vdw	B:ILE:737:CG2	B:PHE:823:CZ
0	vdw	B:SER:826:CB	B:VAL:800:O
0	vdw	B:HIS:801:O	B:SER:826:OG
0	vdw	B:HIS:801:CA	B:SER:826:OG
0	vdw	B:SER:826:CA	B:VAL:800:O
0	vdw	B:LYS:827:N	B:VAL:800:O
0	vdw	B:ARG:802:CD	B:THR:825:O
0	vdw	B:HIS:801:O	B:SER:826:CA
0	vdw	B:ARG:802:CZ	B:PHE:839:CD2
0	vdw	B:ARG:802:NH1	B:PHE:839:CD2
0	vdw	B:ARG:802:CZ	B:THR:825:O
0	vdw	B:ARG:802:NH2	B:THR:825:O
0	vdw	B:PHE:839:O	B:PRO:855:CB
0	vdw	B:GLN:739:NE2	B:HOH:1123:O
0	vdw	B:HOH:1123:O	B:TYR:740:N
0	vdw	B:HIS:729:CD2	B:HOH:1123:O
0	vdw	B:HIS:729:NE2	B:HOH:1123:O
0	vdw	B:GLN:739:CA	B:HOH:1123:O
0	vdw	B:GLN:739:C	B:HOH:1123:O
0	vdw	B:HOH:1123:O	B:TYR:740:CB
0	vdw	B:HOH:1123:O	B:VAL:738:O
0	vdw	B:HIS:729:CD2	B:TYR:740:CB
0	vdw	B:HIS:729:NE2	B:VAL:738:O
0	vdw	B:HIS:729:CG	B:HOH:1103:O
0	vdw	B:HIS:729:ND1	B:HOH:1103:O
0	vdw	B:HIS:801:O	B:SER:826:N
0	vdw	B:LEU:741:CB	B:PHE:753:C
0	vdw	B:LEU:741:CB	B:PHE:753:O
0	vdw	B:LEU:741:N	B:PHE:753:O
0	vdw	B:LEU:741:CA	B:PHE:753:O
0	vdw	B:ILE:752:CG2	B:TYR:740:CD1
0	vdw	B:ILE:752:CG2	B:TYR:740:CE1
0	vdw	B:GLY:742:C	B:PHE:753:CD2
0	vdw	B:GLY:742:N	B:PHE:753:O
0	vdw	B:ILE:726:CD1	B:SER:743:CB
0	vdw	B:ILE:726:CG1	B:SER:743:OG
0	vdw	B:ILE:726:CD1	B:SER:743:OG
0	vdw	B:GLY:742:O	B:ILE:752:CA
0	vdw	B:GLY:742:O	B:ILE:752:C
0	vdw	B:GLY:742:O	B:PHE:753:N
0	vdw	B:LYS:751:O	B:SER:743:CB
0	vdw	B:GLY:742:O	B:PHE:753:CA
0	vdw	B:GLY:742:O	B:PHE:753:CB
0	vdw	B:GLY:742:O	B:PHE:753:CD2
0	vdw	B:GLY:742:O	B:PHE:753:O
0	vdw	B:ILE:726:CD1	B:ILE:750:CG1
0	vdw	B:ILE:726:CD1	B:ILE:750:CD1
0	vdw	B:ILE:726:CG1	B:ILE:752:CG1
0	vdw	B:ILE:726:CG1	B:ILE:752:CD1
0	vdw	B:ILE:726:CD1	B:ILE:752:CG1
0	vdw	B:PHE:744:CD2	B:PHE:753:CE2
0	vdw	B:PHE:744:CE2	B:PHE:753:CE2
0	vdw	B:LYS:751:O	B:SER:743:CA
0	vdw	B:LYS:751:O	B:PHE:744:N
0	vdw	B:PHE:753:CD2	B:SER:743:CA
0	vdw	B:HIS:723:ND1	B:ILE:750:CD1
0	vdw	B:HIS:723:CE1	B:ILE:750:CD1
0	vdw	B:HIS:723:NE2	B:ILE:750:CD1
0	vdw	B:LYS:751:CA	B:PHE:744:O
0	vdw	B:LYS:751:O	B:PHE:744:O
0	vdw	B:LYS:751:CB	B:PHE:744:O
0	vdw	B:LYS:751:N	B:PHE:744:O
0	vdw	B:GLU:713:OE2	B:SER:745:CB
0	vdw	B:GLU:713:OE2	B:SER:745:OG
0	vdw	B:GLU:713:CD	B:HOH:1127:O
0	vdw	B:ASP:935:OD2	B:LYS:917:CE
0	vdw	B:ASP:935:OD2	B:LYS:917:NZ
0	vdw	B:ASP:935:CB	B:PHE:914:CD2
0	vdw	B:ASP:935:CB	B:PHE:914:CE2
0	vdw	B:ASP:935:CG	B:PHE:914:CD2
0	vdw	B:ASP:935:OD1	B:PHE:914:CD2
0	vdw	B:LEU:932:O	B:PHE:914:CE2
0	vdw	B:LEU:932:CD2	B:PHE:914:CE2
0	vdw	B:LEU:932:CD2	B:PHE:914:CZ
0	vdw	B:ARG:926:CG	B:LYS:917:O
0	vdw	B:LEU:788:CD1	B:LEU:938:CD1
0	vdw	B:LEU:932:O	B:LEU:938:CD1
0	vdw	B:LEU:938:CD1	B:PHE:914:CE2
0	vdw	B:LEU:788:CD1	B:PHE:914:CZ
0	vdw	B:ILE:864:CG2	B:LEU:932:CD1
0	vdw	B:CYS:918:SG	B:LEU:932:CD1
0	vdw	B:ARG:926:NE	B:GLU:920:O
0	vdw	B:ARG:926:CZ	B:GLU:920:O
0	vdw	B:ARG:926:NH2	B:GLU:920:O
0	vdw	B:ARG:926:NH2	B:PRO:921:C
0	vdw	B:ARG:926:NH2	B:PRO:921:O
0	vdw	B:ARG:926:CZ	B:GLU:849:OE1
0	vdw	B:ARG:926:CZ	B:GLU:849:OE2
0	vdw	B:ARG:926:NH2	B:GLU:849:CD
0	vdw	B:ARG:926:NH2	B:GLU:849:OE2
0	vdw	B:ARG:926:CD	B:CYS:918:O
0	vdw	B:ARG:926:NH2	B:PRO:848:CD
0	vdw	B:PRO:848:CG	B:PRO:921:O
0	vdw	B:LEU:788:CG	B:LEU:867:CD2
0	vdw	B:LEU:788:CD2	B:LEU:867:CD2
0	vdw	B:ALA:861:O	B:ARG:926:NH1
0	vdw	B:ALA:861:O	B:ARG:926:CD
0	vdw	B:ARG:926:NH1	B:GLU:849:OE1
0	vdw	B:ARG:926:NH1	B:GLU:849:CD
0	vdw	B:ARG:926:NH1	B:GLU:849:OE2
0	vdw	B:ALA:847:CB	B:TRP:865:CB
0	vdw	B:ALA:847:CB	B:TRP:865:CG
0	vdw	B:ASP:852:OD2	B:LYS:898:CE
0	vdw	B:ASP:852:OD2	B:LYS:898:NZ
0	vdw	B:GLU:789:OE1	B:LYS:735:NZ
0	vdw	B:ASN:736:CB	B:GLN:786:O
0	vdw	B:ASN:736:CG	B:GLN:786:O
0	vdw	B:ASN:736:ND2	B:GLN:786:OE1
0	vdw	B:ASN:736:CB	B:LEU:818:O
0	vdw	B:ASN:736:ND2	B:LEU:818:O
0	vdw	B:ASN:736:ND2	B:GLN:786:CB
0	vdw	B:ILE:787:O	B:ILE:820:CD1
0	vdw	B:ILE:804:CD1	B:LEU:791:CD2
0	vdw	B:ILE:850:CD1	B:TYR:858:CD2
0	vdw	B:LYS:735:C	B:LYS:819:NZ
0	vdw	B:LYS:735:O	B:LYS:819:NZ
0	vdw	B:HOH:1104:O	B:LYS:819:NZ
0	vdw	B:HOH:1142:O	B:LYS:819:NZ
0	vdw	B:ASN:736:CA	B:LEU:818:O
0	vdw	B:LYS:735:O	B:VAL:817:CG1
0	vdw	B:LYS:735:O	B:LYS:819:CE
0	vdw	B:ASN:736:O	B:ILE:820:CB
0	vdw	B:ASN:736:C	B:LYS:819:CA
0	vdw	B:ASN:736:O	B:LYS:819:CA
0	vdw	B:ASN:736:O	B:LYS:819:C
0	vdw	B:ASN:736:O	B:ILE:820:N
0	vdw	B:HIS:801:CD2	B:ILE:820:CG2
0	vdw	B:HIS:801:NE2	B:ILE:820:CG2
0	vdw	B:ARG:802:N	B:ASP:863:OD1
0	vdw	B:ARG:802:CA	B:ASP:863:OD1
0	vdw	B:ARG:802:CB	B:TYR:858:CE1
0	vdw	B:ARG:802:O	B:PHE:839:CE2
0	vdw	B:ILE:850:CG2	B:TYR:858:CZ
0	vdw	B:GLY:841:N	B:TYR:858:OH
0	vdw	B:ILE:850:CD1	B:TYR:858:CD1
0	vdw	B:ILE:850:CG1	B:TYR:858:CE1
0	vdw	B:ILE:850:CD1	B:TYR:858:CE1
0	vdw	B:ILE:850:CG1	B:TYR:858:CZ
0	vdw	B:ILE:850:CG2	B:TYR:858:CE2
0	vdw	B:HOH:1104:O	B:ILE:737:O
0	vdw	B:GLU:755:OE2	B:HOH:1104:O
0	vdw	B:HOH:1104:O	B:LYS:819:CE
0	vdw	B:HOH:1104:O	B:LYS:819:CD
0	vdw	B:GLU:755:OE1	B:HOH:1111:O
0	vdw	B:GLU:755:OE2	B:VAL:738:CA
0	vdw	B:GLU:755:OE2	B:VAL:738:C
0	vdw	B:GLN:739:N	B:GLU:755:OE2
0	vdw	B:GLN:739:CA	B:GLU:755:OE2
0	vdw	B:GLN:739:CB	B:GLU:755:OE2
0	vdw	B:GLU:755:OE2	B:LYS:819:CD
0	vdw	B:GLU:755:OE2	B:LYS:819:CE
0	vdw	B:ILE:737:CA	B:ILE:820:O
0	vdw	B:ILE:820:O	B:VAL:738:N
0	vdw	B:ILE:820:O	B:VAL:738:CG1
0	vdw	B:ASN:808:O	B:ILE:820:C
0	vdw	B:ASP:822:O	B:HIS:801:CE1
0	vdw	B:ASP:822:O	B:HIS:801:NE2
0	vdw	B:HIS:801:CE1	B:SER:821:O
0	vdw	B:HIS:801:NE2	B:SER:821:O
0	vdw	B:HIS:801:O	B:THR:825:O
0	vdw	B:HIS:801:O	B:THR:825:CB
0	vdw	B:HIS:801:O	B:THR:825:OG1
0	vdw	B:PHE:839:CE2	B:THR:825:CB
0	vdw	B:HIS:801:O	B:THR:825:C
0	vdw	B:ASP:803:CB	B:THR:825:OG1
0	vdw	B:PHE:839:CZ	B:THR:825:CB
0	vdw	B:GLN:739:N	B:GLU:755:CD
0	vdw	B:GLN:739:CB	B:GLU:755:CD
0	vdw	B:GLU:755:CB	B:HOH:1108:O
0	vdw	B:GLU:755:CD	B:LYS:819:CE
0	vdw	B:GLU:755:CD	B:LYS:819:CD
0	vdw	B:GLN:739:O	B:MET:754:CA
0	vdw	B:GLN:739:O	B:MET:754:C
0	vdw	B:GLN:739:O	B:MET:754:CB
0	vdw	B:GLN:739:O	B:GLU:755:N
0	vdw	B:HIS:729:CE1	B:VAL:738:O
0	vdw	B:HIS:729:CE1	B:VAL:738:CG2
0	vdw	B:HIS:729:CE1	B:PHE:823:CD1
0	vdw	B:HIS:729:CE1	B:HOH:1103:O
0	vdw	B:HIS:729:CE1	B:HOH:1119:O
0	vdw	B:HOH:1119:O	B:VAL:738:CG2
0	vdw	B:HIS:729:CE1	B:MET:754:SD
0	vdw	B:HOH:1103:O	B:PHE:823:N
0	vdw	B:HOH:1103:O	B:PHE:823:CD1
0	vdw	B:HOH:1103:O	B:HOH:1119:O
0	vdw	B:GLU:725:OE1	B:HOH:1103:O
0	vdw	B:ASP:822:N	B:HOH:1119:O
0	vdw	B:ASP:822:CA	B:HOH:1119:O
0	vdw	B:8V7:1000:N7	B:HOH:1119:O
0	vdw	B:GLU:725:CG	B:HOH:1103:O
0	vdw	B:GLU:725:CD	B:HOH:1103:O
0	vdw	B:GLU:725:CG	B:PHE:823:C
0	vdw	B:GLU:725:CD	B:PHE:823:C
0	vdw	B:GLU:725:CD	B:GLY:824:N
0	vdw	B:GLU:725:OE2	B:GLY:824:N
0	vdw	B:GLU:725:CD	B:GLY:824:CA
0	vdw	B:GLU:725:OE2	B:GLY:824:CA
0	vdw	B:GLY:824:CA	B:TYR:691:CD2
0	vdw	B:GLY:824:C	B:TYR:691:CE2
0	vdw	B:GLY:824:O	B:TYR:691:CE2
0	vdw	B:LEU:741:CG	B:MET:754:C
0	vdw	B:LEU:741:CD1	B:MET:754:C
0	vdw	B:LEU:741:CD1	B:MET:754:O
0	vdw	B:ILE:706:CG2	B:LEU:741:CD1
0	vdw	B:ALA:707:O	B:PHE:753:C
0	vdw	B:ALA:707:O	B:MET:754:N
0	vdw	B:HOH:1119:O	B:MET:754:SD
0	vdw	B:8V7:1000:S13	B:MET:754:SD
0	vdw	B:GLU:725:OE1	B:LYS:709:NZ
0	vdw	B:GLU:725:OE2	B:HOH:1106:O
0	vdw	B:GLU:725:CD	B:LYS:709:NZ
0	vdw	B:GLU:725:OE2	B:LYS:709:NZ
0	vdw	B:PRO:721:CB	B:TYR:691:CG
0	vdw	B:PRO:721:CB	B:TYR:691:CD2
0	vdw	B:PRO:721:CB	B:TYR:691:CE2
0	vdw	B:PRO:721:CB	B:TYR:691:CZ
0	vdw	B:ASP:699:CG	B:LEU:671:CD1
0	vdw	B:ASP:699:OD2	B:LEU:671:CD1
0	vdw	B:ALA:707:O	B:PHE:753:CA
0	vdw	B:ILE:708:CA	B:ILE:752:O
0	vdw	B:ILE:708:C	B:ILE:752:O
0	vdw	B:ILE:752:O	B:LYS:709:N
0	vdw	B:ILE:752:N	B:LYS:709:O
0	vdw	B:ALA:707:O	B:ILE:752:O
0	vdw	B:ILE:752:CD1	B:LEU:722:CG
0	vdw	B:ILE:752:CD1	B:LEU:722:CD1
0	vdw	B:LEU:722:CD1	B:TYR:691:O
0	vdw	B:LEU:722:CD2	B:TYR:691:O
0	vdw	B:ILE:711:CB	B:LEU:722:CD2
0	vdw	B:ILE:711:CG2	B:LEU:722:CD2
0	vdw	B:HOH:1121:O	B:SER:701:CB
0	vdw	B:GLU:672:O	B:HOH:1121:O
0	vdw	B:ASP:699:OD1	B:HOH:1121:O
0	vdw	B:HOH:1121:O	B:LEU:671:CD1
0	vdw	B:GLU:672:N	B:HOH:1121:O
0	vdw	B:GLU:672:CA	B:HOH:1121:O
0	vdw	B:GLU:672:CB	B:HOH:1121:O
0	vdw	B:ASP:699:CA	B:GLU:672:O
0	vdw	B:ASP:699:C	B:GLU:672:O
0	vdw	B:GLU:672:O	B:LEU:700:N
0	vdw	B:GLU:672:O	B:LEU:700:CB
0	vdw	B:LEU:671:CD2	B:PHE:753:CD1
0	vdw	B:LEU:671:CD2	B:PHE:753:CD2
0	vdw	B:LEU:671:CD2	B:PHE:753:CB
0	vdw	B:LEU:671:CD2	B:PHE:753:CG
0	vdw	B:PHE:744:CE1	B:PHE:753:CE2
0	vdw	B:PHE:744:CZ	B:PHE:753:CE2
0	vdw	B:PHE:744:CE1	B:PHE:753:CZ
0	vdw	B:PHE:744:CZ	B:PHE:753:CZ
0	vdw	B:ILE:708:CG2	B:PHE:753:CE1
0	vdw	B:ILE:708:CG1	B:PHE:753:CD1
0	vdw	B:LYS:709:O	B:LYS:751:CA
0	vdw	B:LYS:709:O	B:LYS:751:C
0	vdw	B:GLU:710:CA	B:ILE:750:O
0	vdw	B:GLU:710:CB	B:ILE:750:O
0	vdw	B:ILE:711:N	B:ILE:750:O
0	vdw	B:ILE:711:CG2	B:ILE:750:CG2
0	vdw	B:ILE:711:O	B:ILE:750:CG2
0	vdw	B:PRO:712:O	B:SER:719:CB
0	vdw	B:GLU:713:O	B:SER:719:CB
0	vdw	B:GLU:713:O	B:SER:719:OG
0	vdw	B:ILE:711:CG2	B:SER:719:CA
0	vdw	B:GLU:746:OE2	B:TYR:673:CE1
0	vdw	B:GLU:746:OE2	B:TYR:673:CZ
0	vdw	B:GLU:746:OE2	B:TYR:673:OH
0	vdw	B:GLU:746:OE2	B:LYS:751:NZ
0	vdw	B:ILE:711:O	B:PHE:749:C
0	vdw	B:ILE:711:O	B:ILE:750:N
0	vdw	B:GLU:713:N	B:GLY:748:O
0	vdw	B:GLU:713:CB	B:GLY:748:O
0	vdw	B:GLU:746:CD	B:TYR:673:OH
0	vdw	B:GLU:746:N	B:HOH:1127:O
0	vdw	B:GLU:746:CA	B:HOH:1127:O
0	vdw	B:GLU:746:C	B:HOH:1127:O
0	vdw	B:ASN:747:N	B:HOH:1127:O
0	vdw	B:GLY:748:N	B:HOH:1127:O
0	vdw	B:GLY:748:CA	B:HOH:1127:O
0	vdw	B:GLU:713:OE1	B:HOH:1127:O
0	vdw	B:PHE:914:CD2	B:PHE:937:CB
0	vdw	B:LEU:938:CG	B:PHE:914:CE2
0	vdw	B:PHE:914:CG	B:PHE:937:CD2
0	vdw	B:PHE:914:CE1	B:THR:784:CG2
0	vdw	B:ILE:871:CD1	B:PHE:914:CE1
0	vdw	B:PHE:919:C	B:TRP:865:CZ3
0	vdw	B:PHE:919:O	B:TRP:865:CZ3
0	vdw	B:ILE:871:CD1	B:THR:784:CG2
0	vdw	B:CYS:918:O	B:TRP:865:CA
0	vdw	B:CYS:918:CB	B:ILE:864:O
0	vdw	B:CYS:918:CB	B:GLY:868:CA
0	vdw	B:PHE:919:CA	B:TRP:865:CE3
0	vdw	B:PHE:919:CA	B:TRP:865:CZ3
0	vdw	B:PHE:919:CB	B:TRP:865:CZ3
0	vdw	B:PHE:919:CD1	B:TRP:865:CE3
0	vdw	B:PHE:919:CD1	B:TRP:865:CZ3
0	vdw	B:HIS:900:CB	B:PHE:919:CB
0	vdw	B:PRO:848:CD	B:TRP:865:CE3
0	vdw	B:PRO:848:CD	B:TRP:865:CZ3
0	vdw	B:HIS:900:CG	B:PHE:919:CB
0	vdw	B:HIS:900:CD2	B:PHE:919:CB
0	vdw	B:TRP:865:CH2	B:VAL:899:O
0	vdw	B:PHE:919:CD1	B:TRP:865:CH2
0	vdw	B:GLN:786:NE2	B:GLY:816:O
0	vdw	B:LEU:818:CD1	B:TYR:783:O
0	vdw	B:ILE:787:CG2	B:LEU:867:CD1
0	vdw	B:PRO:848:CD	B:TRP:865:CD2
0	vdw	B:TRP:865:CD1	B:TYR:845:O
0	vdw	B:ALA:847:N	B:TRP:865:CD1
0	vdw	B:ALA:847:CA	B:TRP:865:CG
0	vdw	B:MET:846:C	B:TRP:865:CD1
0	vdw	B:ALA:847:CA	B:TRP:865:CD1
0	vdw	B:MET:846:C	B:TRP:865:NE1
0	vdw	B:MET:846:O	B:TRP:865:NE1
0	vdw	B:PHE:919:CD1	B:TRP:865:CD2
0	vdw	B:PHE:919:CD1	B:TRP:865:CE2
0	vdw	B:GLN:786:OE1	B:VAL:817:CA
0	vdw	B:GLN:786:OE1	B:LEU:818:N
0	vdw	B:GLN:786:OE1	B:LEU:818:CB
0	vdw	B:GLN:786:CD	B:GLY:816:O
0	vdw	B:GLN:786:OE1	B:GLY:816:O
0	vdw	B:ILE:787:CG1	B:LEU:818:CD1
0	vdw	B:ILE:787:CG1	B:LEU:818:CD2
0	vdw	B:LEU:818:CG	B:VAL:809:CG1
0	vdw	B:LEU:818:CD1	B:VAL:809:CG1
0	vdw	B:LEU:818:CD2	B:VAL:809:CG1
0	vdw	B:ILE:787:CD1	B:MET:874:CE
0	vdw	B:ILE:804:CB	B:SER:866:CB
0	vdw	B:SER:866:CA	B:TYR:845:O
0	vdw	B:SER:866:OG	B:TYR:845:O
0	vdw	B:ILE:804:O	B:SER:866:CB
0	vdw	B:HOH:1101:O	B:TYR:845:O
0	vdw	B:HOH:1101:O	B:MET:846:CA
0	vdw	B:ILE:851:CG1	B:MET:846:CG
0	vdw	B:ILE:851:CG1	B:MET:891:CG
0	vdw	B:HOH:1110:O	B:SER:815:OG
0	vdw	B:HOH:1110:O	B:SER:815:CB
0	vdw	B:HOH:1110:O	B:HOH:1142:O
0	vdw	B:HOH:1110:O	B:VAL:817:CG2
0	vdw	B:ASN:812:N	B:VAL:817:O
0	vdw	B:ASN:812:CA	B:VAL:817:O
0	vdw	B:ASN:812:CB	B:VAL:817:O
0	vdw	B:GLN:786:OE1	B:VAL:817:C
0	vdw	B:LEU:810:O	B:LEU:818:CA
0	vdw	B:LEU:810:O	B:LEU:818:C
0	vdw	B:LEU:810:O	B:LYS:819:N
0	vdw	B:LYS:819:O	B:VAL:809:C
0	vdw	B:LEU:810:N	B:LYS:819:O
0	vdw	B:LEU:810:CA	B:LYS:819:O
0	vdw	B:ASN:808:O	B:ILE:820:CA
0	vdw	B:LYS:819:O	B:VAL:809:CA
0	vdw	B:LEU:810:CB	B:LYS:819:O
0	vdw	B:LEU:810:O	B:LYS:819:O
0	vdw	B:ASN:808:ND2	B:ASP:803:O
0	vdw	B:HOH:1109:O	B:ILE:804:C
0	vdw	B:ASP:803:CA	B:HOH:1109:O
0	vdw	B:ASP:803:C	B:HOH:1109:O
0	vdw	B:HOH:1109:O	B:ILE:804:O
0	vdw	B:HOH:1101:O	B:THR:842:C
0	vdw	B:HOH:1101:O	B:THR:842:O
0	vdw	B:HOH:1101:O	B:THR:842:N
0	vdw	B:HOH:1101:O	B:MET:846:CB
0	vdw	B:HOH:1101:O	B:HOH:1109:O
0	vdw	B:HOH:1101:O	B:TYR:845:C
0	vdw	B:HOH:1101:O	B:MET:846:N
0	vdw	B:HOH:1101:O	B:TYR:845:CB
0	vdw	B:ILE:851:CG1	B:MET:846:SD
0	vdw	B:HOH:1117:O	B:LYS:819:CE
0	vdw	B:HOH:1142:O	B:LYS:819:CE
0	vdw	B:HOH:1117:O	B:HOH:1142:O
0	vdw	B:ASN:812:ND2	B:HOH:1117:O
0	vdw	B:ASN:812:CB	B:HOH:1117:O
0	vdw	B:ASN:812:CG	B:HOH:1117:O
0	vdw	B:LYS:819:CB	B:VAL:738:CG1
0	vdw	B:SER:821:CB	B:VAL:738:CG1
0	vdw	B:SER:821:CA	B:VAL:738:CG1
0	vdw	B:ASN:808:O	B:SER:821:CB
0	vdw	B:LEU:810:CD1	B:VAL:738:CG1
0	vdw	B:LEU:810:CD1	B:SER:821:CB
0	vdw	B:ASN:808:O	B:SER:821:N
0	vdw	B:ASN:808:O	B:SER:821:CA
0	vdw	B:ASN:808:O	B:SER:821:OG
0	vdw	B:ASN:808:CB	B:SER:821:O
0	vdw	B:ASN:808:CA	B:SER:821:OG
0	vdw	B:ASN:808:C	B:SER:821:OG
0	vdw	B:8V7:1000:C1	B:SER:821:OG
0	vdw	B:ASP:803:CG	B:THR:842:OG1
0	vdw	B:ASP:803:OD1	B:THR:842:OG1
0	vdw	B:ASP:803:OD1	B:THR:842:N
0	vdw	B:ASP:803:OD1	B:HOH:1109:O
0	vdw	B:ASP:803:OD1	B:THR:842:CB
0	vdw	B:GLU:755:CA	B:HOH:1108:O
0	vdw	B:GLN:756:N	B:HOH:1108:O
0	vdw	B:GLN:756:O	B:HOH:1115:O
0	vdw	B:8V7:1000:C12	B:GLU:755:O
0	vdw	B:ALA:707:CB	B:GLU:755:O
0	vdw	B:8V7:1000:S13	B:MET:754:CE
0	vdw	B:8V7:1000:C12	B:LEU:810:CD1
0	vdw	B:8V7:1000:N6	B:ASP:822:CA
0	vdw	B:8V7:1000:C5	B:ASP:822:CB
0	vdw	B:8V7:1000:C5	B:ASP:822:CG
0	vdw	B:8V7:1000:C5	B:ASP:822:OD2
0	vdw	B:8V7:1000:N6	B:ASP:822:CB
0	vdw	B:8V7:1000:N6	B:LYS:709:CE
0	vdw	B:8V7:1000:N6	B:LYS:709:NZ
0	vdw	B:8V7:1000:C5	B:VAL:694:CG2
0	vdw	B:8V7:1000:C8	B:VAL:694:CG2
0	vdw	B:8V7:1000:C5	B:GLY:689:CA
0	vdw	B:ASP:822:OD2	B:THR:690:OG1
0	vdw	B:ASP:822:CG	B:HOH:1106:O
0	vdw	B:ASP:822:OD1	B:HOH:1106:O
0	vdw	B:ASP:822:OD2	B:THR:690:N
0	vdw	B:ASP:822:OD2	B:GLY:689:CA
0	vdw	B:ASP:822:OD2	B:GLY:689:C
0	vdw	B:ASN:808:OD1	B:ASP:822:CB
0	vdw	B:THR:690:OG1	B:THR:825:CG2
0	vdw	B:PHE:839:CE1	B:THR:825:CG2
0	vdw	B:PHE:839:CZ	B:THR:825:CG2
0	vdw	B:ARG:705:O	B:HOH:1108:O
0	vdw	B:ILE:706:CA	B:MET:754:O
0	vdw	B:ARG:705:C	B:GLY:697:O
0	vdw	B:GLY:697:O	B:ILE:706:N
0	vdw	B:GLU:755:C	B:HOH:1108:O
0	vdw	B:GLN:756:O	B:HOH:1108:O
0	vdw	B:ILE:706:C	B:MET:754:O
0	vdw	B:ALA:707:N	B:MET:754:O
0	vdw	B:ALA:707:CA	B:MET:754:O
0	vdw	B:ALA:707:CB	B:MET:754:O
0	vdw	B:ALA:707:O	B:MET:754:O
0	vdw	B:ALA:707:CA	B:TYR:695:O
0	vdw	B:8V7:1000:C12	B:ALA:707:CB
0	vdw	B:GLN:756:CB	B:ILE:706:C
0	vdw	B:GLN:756:NE2	B:ILE:706:C
0	vdw	B:LYS:709:CB	B:MET:754:CE
0	vdw	B:HOH:1106:O	B:LYS:709:CE
0	vdw	B:HOH:1106:O	B:LYS:709:NZ
0	vdw	B:ASP:822:CG	B:LYS:709:NZ
0	vdw	B:ASP:822:OD1	B:LYS:709:NZ
0	vdw	B:HOH:1106:O	B:THR:690:N
0	vdw	B:HOH:1106:O	B:THR:690:CA
0	vdw	B:HOH:1106:O	B:THR:690:C
0	vdw	B:HOH:1106:O	B:THR:690:CB
0	vdw	B:HOH:1106:O	B:TYR:691:N
0	vdw	B:HOH:1106:O	B:TYR:691:CA
0	vdw	B:HOH:1106:O	B:TYR:691:CB
0	vdw	B:TYR:691:CD1	B:TYR:718:CD1
0	vdw	B:ASP:699:O	B:VAL:704:N
0	vdw	B:ASP:699:N	B:VAL:704:O
0	vdw	B:ARG:698:C	B:VAL:704:O
0	vdw	B:ARG:698:CA	B:VAL:704:O
0	vdw	B:ARG:698:CB	B:VAL:704:O
0	vdw	B:GLY:697:C	B:ILE:706:CG1
0	vdw	B:ARG:698:N	B:ILE:706:CG1
0	vdw	B:ARG:698:CA	B:ILE:706:CG1
0	vdw	B:ALA:707:C	B:TYR:695:O
0	vdw	B:ILE:708:N	B:TYR:695:O
0	vdw	B:ILE:693:O	B:LYS:709:CA
0	vdw	B:ILE:693:O	B:LYS:709:C
0	vdw	B:GLU:710:N	B:ILE:693:O
0	vdw	B:GLU:710:O	B:GLY:692:CA
0	vdw	B:ARG:698:O	B:TYR:673:CB
0	vdw	B:ARG:698:O	B:TYR:673:CA
0	vdw	B:ARG:698:O	B:TYR:673:C
0	vdw	B:ARG:698:O	B:ASP:674:N
0	vdw	B:ILE:708:CD1	B:TYR:673:CD2
0	vdw	B:ILE:708:CD1	B:TYR:673:CE2
0	vdw	B:ILE:708:CD1	B:TYR:675:CE1
0	vdw	B:GLU:710:OE2	B:TYR:675:OH
0	vdw	B:GLU:710:OE2	B:LYS:751:CD
0	vdw	B:GLU:710:OE2	B:TYR:675:CZ
0	vdw	B:GLU:710:CG	B:TYR:695:CE2
0	vdw	B:ILE:711:CG1	B:TYR:718:CB
0	vdw	B:GLU:710:O	B:ILE:693:N
0	vdw	B:LEU:700:CG	B:TYR:673:CA
0	vdw	B:LYS:751:CD	B:TYR:673:OH
0	vdw	B:LYS:751:CE	B:TYR:673:OH
0	vdw	B:LYS:751:NZ	B:TYR:673:OH
0	vdw	B:LYS:751:CD	B:TYR:675:OH
0	vdw	B:LYS:751:CE	B:TYR:675:OH
0	vdw	B:LYS:751:NZ	B:TYR:675:OH
0	vdw	B:GLU:710:OE1	B:TYR:675:OH
0	vdw	B:HOH:1125:O	B:TYR:675:OH
0	vdw	B:HOH:1125:O	B:LYS:751:CE
0	vdw	B:HOH:1125:O	B:LYS:751:NZ
0	vdw	B:GLU:710:CD	B:TYR:675:OH
0	vdw	B:ILE:711:O	B:PHE:749:CA
0	vdw	B:ILE:711:O	B:PHE:749:CD2
0	vdw	B:PHE:749:CD2	B:PRO:712:N
0	vdw	B:ILE:711:N	B:PHE:749:CD2
0	vdw	B:ILE:711:CA	B:PHE:749:CD2
0	vdw	B:ILE:711:C	B:PHE:749:CD2
0	vdw	B:GLY:748:O	B:PRO:712:CA
0	vdw	B:PHE:749:CE2	B:PRO:712:N
0	vdw	B:PHE:749:CE2	B:PRO:712:CD
0	vdw	B:PHE:749:CE2	B:PRO:712:CG
0	vdw	B:ASN:747:ND2	B:HOH:1125:O
0	vdw	B:ALA:911:CA	B:PHE:937:CD1
0	vdw	B:ALA:911:CB	B:GLU:777:OE2
0	vdw	B:ILE:903:CD1	B:LEU:916:CD1
0	vdw	B:ALA:911:CA	B:PHE:937:CE1
0	vdw	B:ALA:911:CB	B:PHE:937:CE1
0	vdw	B:GLU:777:OE2	B:PHE:937:CE1
0	vdw	B:ILE:903:CD1	B:ILE:915:CG2
0	vdw	B:ILE:903:CG1	B:ILE:915:CG2
0	vdw	B:HIS:900:CG	B:PHE:919:CG
0	vdw	B:HIS:900:CD2	B:PHE:919:CG
0	vdw	B:ILE:871:CG1	B:THR:784:OG1
0	vdw	B:ILE:871:CG2	B:ILE:915:CG1
0	vdw	B:ILE:871:CG2	B:ILE:915:CD1
0	vdw	B:GLY:868:O	B:PHE:919:CZ
0	vdw	B:HIS:900:CB	B:PHE:919:CD2
0	vdw	B:HIS:900:CB	B:PHE:919:CE1
0	vdw	B:CYS:869:SG	B:PHE:919:CE1
0	vdw	B:GLY:868:C	B:PHE:919:CZ
0	vdw	B:CYS:869:N	B:PHE:919:CZ
0	vdw	B:PHE:919:CE1	B:PRO:901:CD
0	vdw	B:PHE:919:CZ	B:PRO:901:CD
0	vdw	B:HIS:900:CG	B:PHE:919:CD2
0	vdw	B:HIS:900:CB	B:PHE:919:CG
0	vdw	B:HIS:900:CB	B:PHE:919:CD1
0	vdw	B:PHE:919:CD1	B:TRP:865:CZ2
0	vdw	B:HIS:900:CA	B:PHE:881:CZ
0	vdw	B:VAL:894:CG2	B:VAL:899:O
0	vdw	B:LYS:893:O	B:LYS:898:N
0	vdw	B:GLY:816:O	B:PHE:782:CE2
0	vdw	B:CYS:869:CB	B:TYR:845:CD2
0	vdw	B:CYS:869:CB	B:PRO:880:CB
0	vdw	B:CYS:869:SG	B:TYR:845:CA
0	vdw	B:CYS:869:CB	B:PRO:880:CG
0	vdw	B:TRP:865:CZ2	B:VAL:894:CG1
0	vdw	B:TRP:865:CZ2	B:VAL:899:O
0	vdw	B:PHE:881:CZ	B:VAL:894:CG2
0	vdw	B:PHE:881:CE2	B:VAL:894:CG2
0	vdw	B:GLY:816:O	B:TYR:783:CE1
0	vdw	B:ILE:811:CD1	B:TRP:770:CH2
0	vdw	B:ILE:811:CD1	B:LEU:762:CD1
0	vdw	B:LYS:805:CA	B:THR:870:OG1
0	vdw	B:HOH:1109:O	B:TYR:845:CB
0	vdw	B:HOH:1109:O	B:TYR:845:CG
0	vdw	B:PRO:880:CG	B:TYR:845:CD2
0	vdw	B:PRO:880:CG	B:TYR:845:CE2
0	vdw	B:PRO:880:CD	B:TYR:845:CE2
0	vdw	B:GLU:873:OE1	B:TYR:845:CE2
0	vdw	B:ILE:851:CD1	B:MET:891:CA
0	vdw	B:ILE:851:CD1	B:MET:891:O
0	vdw	B:ILE:851:CD1	B:MET:891:CG
0	vdw	B:ASN:812:OD1	B:HOH:1139:O
0	vdw	B:HOH:1139:O	B:SER:815:CB
0	vdw	B:ASN:812:CG	B:HOH:1139:O
0	vdw	B:ASN:812:OD1	B:PRO:758:CG
0	vdw	B:HOH:1139:O	B:TYR:814:CB
0	vdw	B:ASN:812:ND2	B:HOH:1139:O
0	vdw	B:ASN:812:CG	B:PRO:758:CD
0	vdw	B:ASN:812:N	B:VAL:757:CG1
0	vdw	B:ASN:812:CA	B:VAL:757:CG1
0	vdw	B:ASN:812:CA	B:PRO:758:O
0	vdw	B:ASN:812:C	B:PRO:758:O
0	vdw	B:ILE:811:C	B:VAL:757:CG1
0	vdw	B:GLY:760:O	B:LEU:810:C
0	vdw	B:GLY:760:O	B:ILE:811:N
0	vdw	B:SER:761:C	B:VAL:809:O
0	vdw	B:LEU:762:N	B:VAL:809:O
0	vdw	B:SER:761:CA	B:VAL:809:O
0	vdw	B:GLY:760:O	B:LEU:810:CA
0	vdw	B:HOH:1109:O	B:LYS:805:CB
0	vdw	B:HOH:1109:O	B:LYS:805:CG
0	vdw	B:GLY:806:N	B:HOH:1135:O
0	vdw	B:LYS:805:CB	B:TYR:845:CE1
0	vdw	B:LYS:805:CA	B:TYR:845:CE2
0	vdw	B:LYS:805:CB	B:TYR:845:CD2
0	vdw	B:LYS:805:CB	B:TYR:845:CE2
0	vdw	B:GLU:873:OE1	B:GLY:806:N
0	vdw	B:LYS:805:CB	B:TYR:845:CZ
0	vdw	B:HOH:1109:O	B:THR:842:CB
0	vdw	B:LYS:805:CD	B:THR:842:OG1
0	vdw	B:HOH:1109:O	B:THR:842:OG1
0	vdw	B:HOH:1105:O	B:LEU:843:N
0	vdw	B:HOH:1105:O	B:LEU:843:CA
0	vdw	B:HOH:1105:O	B:LEU:843:C
0	vdw	B:ASN:812:ND2	B:PRO:758:CG
0	vdw	B:ASN:812:CG	B:PRO:758:CG
0	vdw	B:ASN:812:ND2	B:PRO:758:CD
0	vdw	B:ILE:811:O	B:VAL:757:CG1
0	vdw	B:8V7:1000:N10	B:LEU:810:CD1
0	vdw	B:8V7:1000:C11	B:LEU:810:CD1
0	vdw	B:8V7:1000:C1	B:ASP:807:O
0	vdw	B:ASP:807:O	B:HOH:1126:O
0	vdw	B:LYS:805:CE	B:THR:842:OG1
0	vdw	B:LYS:805:NZ	B:THR:842:OG1
0	vdw	B:8V7:1000:O15	B:GLN:756:CA
0	vdw	B:8V7:1000:O15	B:VAL:757:N
0	vdw	B:8V7:1000:C18	B:VAL:757:O
0	vdw	B:8V7:1000:C19	B:VAL:757:O
0	vdw	B:8V7:1000:C14	B:LEU:810:CD1
0	vdw	B:8V7:1000:C3	B:VAL:694:CG2
0	vdw	B:8V7:1000:N4	B:VAL:694:CG2
0	vdw	B:8V7:1000:C1	B:HOH:1126:O
0	vdw	B:8V7:1000:C3	B:LYS:688:C
0	vdw	B:8V7:1000:C3	B:LYS:688:O
0	vdw	B:8V7:1000:C3	B:GLY:687:CA
0	vdw	B:8V7:1000:C3	B:GLY:687:C
0	vdw	B:8V7:1000:C3	B:LYS:688:N
0	vdw	B:ARG:705:CB	B:GLN:756:NE2
0	vdw	B:ARG:705:CA	B:GLY:697:O
0	vdw	B:ARG:705:CB	B:HOH:1114:O
0	vdw	B:ARG:705:CG	B:HOH:1114:O
0	vdw	B:GLN:756:NE2	B:ILE:706:O
0	vdw	B:GLN:756:CD	B:HOH:1114:O
0	vdw	B:GLN:756:NE2	B:HOH:1114:O
0	vdw	B:GLY:687:O	B:VAL:694:CB
0	vdw	B:GLN:703:O	B:HOH:1134:O
0	vdw	B:ARG:698:CB	B:GLU:676:OE2
0	vdw	B:GLY:697:N	B:ILE:706:O
0	vdw	B:GLY:697:O	B:ILE:706:O
0	vdw	B:ASP:674:O	B:GLY:697:CA
0	vdw	B:ASP:674:O	B:GLY:697:C
0	vdw	B:GLU:676:CG	B:GLY:697:CA
0	vdw	B:GLY:697:O	B:HOH:1114:O
0	vdw	B:TYR:695:C	B:VAL:684:O
0	vdw	B:ILE:708:O	B:VAL:694:CA
0	vdw	B:ILE:708:O	B:VAL:694:C
0	vdw	B:ILE:708:O	B:TYR:695:N
0	vdw	B:ILE:708:O	B:TYR:695:CA
0	vdw	B:ILE:708:O	B:TYR:695:CB
0	vdw	B:ILE:693:O	B:ILE:708:O
0	vdw	B:ILE:708:O	B:TYR:695:CD2
0	vdw	B:TYR:695:CA	B:VAL:684:O
0	vdw	B:TYR:695:CB	B:VAL:684:O
0	vdw	B:GLY:687:O	B:VAL:694:CA
0	vdw	B:GLY:687:O	B:VAL:694:N
0	vdw	B:ARG:698:CZ	B:GLN:703:OE1
0	vdw	B:ARG:698:NH1	B:GLN:703:OE1
0	vdw	B:ARG:698:CG	B:GLU:676:OE2
0	vdw	B:ARG:698:CD	B:GLU:676:OE2
0	vdw	B:ARG:698:N	B:ASP:674:O
0	vdw	B:ALA:696:O	B:TYR:675:CA
0	vdw	B:ARG:683:NH1	B:TYR:675:CE1
0	vdw	B:TYR:675:CD1	B:TYR:695:CB
0	vdw	B:ARG:683:CD	B:TYR:675:CG
0	vdw	B:ARG:683:CD	B:TYR:675:CD1
0	vdw	B:GLU:710:CD	B:TYR:695:CD2
0	vdw	B:GLU:710:CD	B:TYR:695:CE2
0	vdw	B:ARG:683:NH1	B:TYR:695:CD2
0	vdw	B:ARG:683:NH1	B:GLU:710:CD
0	vdw	B:HOH:1102:O	B:TYR:695:CE2
0	vdw	B:HOH:1102:O	B:TYR:695:CZ
0	vdw	B:HOH:1102:O	B:TYR:695:OH
0	vdw	B:ASP:674:OD2	B:HOH:1143:O
0	vdw	B:ARG:683:NH1	B:TYR:675:CZ
0	vdw	B:ARG:683:CD	B:TYR:675:CD2
0	vdw	B:ARG:683:NH1	B:GLU:710:OE1
0	vdw	B:GLU:710:OE1	B:HOH:1125:O
0	vdw	B:ARG:683:NH1	B:TYR:695:CE2
0	vdw	B:GLU:710:OE1	B:TYR:695:CE2
0	vdw	B:ARG:683:NH1	B:TYR:695:CZ
0	vdw	B:LYS:912:CE	B:MET:907:O
0	vdw	B:GLU:905:O	B:LYS:912:CE
0	vdw	B:GLU:905:C	B:LYS:912:CE
0	vdw	B:GLU:777:CD	B:SER:908:OG
0	vdw	B:GLU:777:OE2	B:SER:908:OG
0	vdw	B:GLU:777:OE2	B:SER:908:CB
0	vdw	B:GLU:777:OE1	B:MET:907:C
0	vdw	B:GLU:777:OE1	B:MET:907:CB
0	vdw	B:GLU:777:OE1	B:SER:908:N
0	vdw	B:GLU:777:OE1	B:MET:907:CA
0	vdw	B:ILE:903:CG2	B:LYS:912:CG
0	vdw	B:GLN:778:CG	B:HOH:1141:O
0	vdw	B:GLN:778:N	B:HOH:1141:O
0	vdw	B:ASN:776:C	B:HOH:1141:O
0	vdw	B:GLU:777:N	B:HOH:1141:O
0	vdw	B:ASN:776:CA	B:HOH:1141:O
0	vdw	B:ASN:776:OD1	B:HOH:1141:O
0	vdw	B:GLU:777:N	B:HOH:1137:O
0	vdw	B:GLU:777:CB	B:HOH:1137:O
0	vdw	B:GLU:777:CG	B:HOH:1137:O
0	vdw	B:ILE:780:CD1	B:MET:907:CE
0	vdw	B:ILE:872:CD1	B:ILE:903:CA
0	vdw	B:ILE:780:CG1	B:LEU:773:CB
0	vdw	B:ILE:780:CD1	B:LEU:773:C
0	vdw	B:ILE:780:CD1	B:LEU:773:O
0	vdw	B:ILE:872:CG2	B:PRO:901:CB
0	vdw	B:PHE:881:CE2	B:PRO:901:CD
0	vdw	B:HIS:900:C	B:PHE:881:CE1
0	vdw	B:HIS:900:C	B:PHE:881:CZ
0	vdw	B:HIS:900:O	B:PHE:881:CE1
0	vdw	B:PHE:881:CE1	B:PRO:901:N
0	vdw	B:PHE:881:CZ	B:PRO:901:N
0	vdw	B:PHE:881:CE1	B:PRO:901:CA
0	vdw	B:PHE:881:CZ	B:PRO:901:CD
0	vdw	B:TRP:770:CH2	B:TYR:783:CE2
0	vdw	B:LEU:762:CD2	B:MET:874:CG
0	vdw	B:CYS:869:O	B:PRO:880:CG
0	vdw	B:GLU:873:CA	B:LYS:878:O
0	vdw	B:PRO:880:CB	B:PRO:901:CG
0	vdw	B:PHE:881:CD2	B:PRO:901:CG
0	vdw	B:PHE:881:CE2	B:PRO:901:CG
0	vdw	B:PHE:881:CZ	B:PRO:901:CG
0	vdw	B:ALA:890:CB	B:PHE:881:CG
0	vdw	B:ALA:890:CB	B:PHE:881:CD2
0	vdw	B:LEU:762:CD1	B:TRP:770:CZ3
0	vdw	B:GLY:806:O	B:LEU:762:CB
0	vdw	B:GLU:873:CD	B:TYR:845:OH
0	vdw	B:GLU:873:OE1	B:TYR:845:CZ
0	vdw	B:GLU:873:OE1	B:TYR:845:OH
0	vdw	B:GLU:873:OE2	B:TYR:845:OH
0	vdw	B:GLU:873:CB	B:LYS:878:O
0	vdw	B:GLU:873:CG	B:LYS:878:C
0	vdw	B:GLU:873:CG	B:LYS:878:O
0	vdw	B:GLU:873:OE2	B:HOH:1140:O
0	vdw	B:GLU:873:CG	B:LEU:766:CD1
0	vdw	B:GLU:873:OE2	B:SER:763:CB
0	vdw	B:PRO:880:CG	B:TYR:845:CZ
0	vdw	B:PRO:880:CD	B:TYR:845:CZ
0	vdw	B:PRO:880:CD	B:TYR:845:OH
0	vdw	B:PRO:880:CD	B:TYR:845:CE1
0	vdw	B:GLN:844:CA	B:HOH:1105:O
0	vdw	B:GLN:844:CB	B:HOH:1105:O
0	vdw	B:GLN:844:CG	B:HOH:1105:O
0	vdw	B:GLN:844:CB	B:PRO:880:O
0	vdw	B:GLN:844:CG	B:PRO:880:O
0	vdw	B:GLN:844:CG	B:PRO:887:CA
0	vdw	B:ALA:890:CB	B:PHE:881:CB
0	vdw	B:PRO:758:O	B:THR:813:N
0	vdw	B:PRO:758:O	B:THR:813:OG1
0	vdw	B:GLY:759:CA	B:THR:813:OG1
0	vdw	B:HOH:1112:O	B:THR:813:CB
0	vdw	B:HOH:1112:O	B:THR:813:OG1
0	vdw	B:GLY:760:N	B:ILE:811:O
0	vdw	B:GLY:806:O	B:LEU:762:N
0	vdw	B:GLY:806:O	B:SER:763:N
0	vdw	B:GLY:806:CA	B:SER:763:OG
0	vdw	B:GLY:806:C	B:SER:763:OG
0	vdw	B:ASP:807:N	B:SER:763:OG
0	vdw	B:HOH:1135:O	B:SER:763:OG
0	vdw	B:GLY:806:CA	B:HOH:1135:O
0	vdw	B:ASP:807:OD1	B:SER:763:OG
0	vdw	B:GLU:873:CD	B:SER:763:OG
0	vdw	B:GLU:873:OE2	B:SER:763:OG
0	vdw	B:GLU:873:OE1	B:GLY:806:CA
0	vdw	B:ASP:807:N	B:HOH:1135:O
0	vdw	B:ASP:807:CB	B:HOH:1135:O
0	vdw	B:ASP:807:CG	B:HOH:1135:O
0	vdw	B:ASP:807:OD1	B:HOH:1135:O
0	vdw	B:HOH:1135:O	B:TYR:845:OH
0	vdw	B:HOH:1105:O	B:THR:842:CG2
0	vdw	B:GLN:844:N	B:HOH:1105:O
0	vdw	B:GLN:844:OE1	B:HOH:1105:O
0	vdw	B:HOH:1105:O	B:LEU:843:CB
0	vdw	B:GLN:844:CD	B:HOH:1105:O
0	vdw	B:HOH:1105:O	B:PRO:887:CB
0	vdw	B:PRO:758:CB	B:TYR:814:CD1
0	vdw	B:ILE:811:O	B:PRO:758:O
0	vdw	B:GLY:759:CA	B:ILE:811:O
0	vdw	B:8V7:1000:C20	B:GLY:760:CA
0	vdw	B:ASP:807:OD1	B:SER:763:CB
0	vdw	B:8V7:1000:C21	B:LEU:686:O
0	vdw	B:ARG:705:CD	B:HOH:1114:O
0	vdw	B:ARG:705:NH1	B:GLU:676:OE1
0	vdw	B:ARG:705:NH1	B:HOH:1114:O
0	vdw	B:ARG:705:NH1	B:GLU:676:CD
0	vdw	B:ALA:696:CB	B:LEU:686:CG
0	vdw	B:ALA:696:CB	B:LEU:686:CD2
0	vdw	B:LEU:686:N	B:VAL:694:O
0	vdw	B:LEU:686:CA	B:VAL:694:O
0	vdw	B:LEU:686:CB	B:VAL:694:O
0	vdw	B:GLY:687:N	B:VAL:694:O
0	vdw	B:GLU:676:CG	B:HOH:1114:O
0	vdw	B:GLU:676:OE1	B:HOH:1114:O
0	vdw	B:ALA:696:CB	B:GLU:676:OE1
0	vdw	B:ALA:696:CB	B:HOH:1114:O
0	vdw	B:GLU:676:CG	B:VAL:684:CG2
0	vdw	B:GLU:676:CG	B:HOH:1124:O
0	vdw	B:ALA:696:N	B:VAL:684:O
0	vdw	B:ALA:696:CB	B:VAL:684:CG1
0	vdw	B:VAL:685:CA	B:VAL:694:O
0	vdw	B:VAL:685:C	B:VAL:694:O
0	vdw	B:TYR:695:CD1	B:VAL:684:O
0	vdw	B:HOH:1130:O	B:VAL:684:C
0	vdw	B:GLY:687:O	B:VAL:694:O
0	vdw	B:GLU:676:OE1	B:HOH:1124:O
0	vdw	B:GLU:676:CA	B:HOH:1124:O
0	vdw	B:GLU:676:C	B:HOH:1124:O
0	vdw	B:ALA:696:O	B:GLU:676:N
0	vdw	B:GLU:676:C	B:VAL:684:CG2
0	vdw	B:ARG:683:CA	B:GLU:676:O
0	vdw	B:GLU:676:O	B:VAL:684:N
0	vdw	B:ARG:683:CD	B:TYR:675:CB
0	vdw	B:ARG:683:C	B:GLU:676:O
0	vdw	B:GLU:676:O	B:VAL:684:CG2
0	vdw	B:ARG:683:CB	B:TYR:695:CD1
0	vdw	B:ARG:683:CZ	B:TYR:695:CE1
0	vdw	B:ARG:683:NH2	B:TYR:695:CZ
0	vdw	B:ARG:683:NH2	B:TYR:695:OH
0	vdw	B:ARG:683:CG	B:TYR:677:CZ
0	vdw	B:ARG:683:CG	B:TYR:677:OH
0	vdw	B:ARG:683:CG	B:TYR:677:CE2
0	vdw	B:ARG:683:CZ	B:TYR:695:CZ
0	vdw	B:GLU:905:O	B:LYS:912:NZ
0	vdw	B:GLU:905:C	B:LYS:912:NZ
0	vdw	B:HOH:1107:O	B:SER:906:C
0	vdw	B:HOH:1107:O	B:SER:906:CB
0	vdw	B:HOH:1107:O	B:SER:906:OG
0	vdw	B:ASP:775:OD1	B:HOH:1107:O
0	vdw	B:ASP:775:O	B:HOH:1137:O
0	vdw	B:ASP:775:N	B:HOH:1118:O
0	vdw	B:ASP:775:CA	B:HOH:1118:O
0	vdw	B:HOH:1107:O	B:LYS:774:C
0	vdw	B:HOH:1107:O	B:LYS:774:O
0	vdw	B:ALA:875:O	B:LYS:774:CA
0	vdw	B:ALA:875:O	B:LYS:774:CB
0	vdw	B:ALA:875:O	B:LEU:773:N
0	vdw	B:HOH:1118:O	B:LEU:773:CA
0	vdw	B:HOH:1118:O	B:LEU:773:C
0	vdw	B:LEU:773:N	B:MET:874:O
0	vdw	B:LEU:773:CA	B:MET:874:O
0	vdw	B:LEU:773:CB	B:MET:874:O
0	vdw	B:ALA:875:CA	B:LYS:774:N
0	vdw	B:ALA:875:O	B:LYS:774:N
0	vdw	B:ALA:875:O	B:PRO:772:CB
0	vdw	B:ALA:875:O	B:PRO:772:CA
0	vdw	B:HOH:1118:O	B:LYS:774:N
0	vdw	B:ALA:875:O	B:PRO:772:C
0	vdw	B:HOH:1113:O	B:THR:876:CG2
0	vdw	B:LEU:766:CD2	B:LEU:773:CD1
0	vdw	B:LEU:766:CD2	B:MET:874:O
0	vdw	B:LEU:773:CG	B:MET:874:O
0	vdw	B:GLY:771:O	B:LEU:766:CD2
0	vdw	B:GLU:873:O	B:LYS:878:N
0	vdw	B:GLU:873:O	B:LEU:766:CD1
0	vdw	B:HOH:1113:O	B:THR:876:CB
0	vdw	B:HOH:1113:O	B:THR:876:OG1
0	vdw	B:HOH:1113:O	B:PRO:879:C
0	vdw	B:HOH:1113:O	B:PRO:879:O
0	vdw	B:HOH:1113:O	B:LYS:878:CB
0	vdw	B:LEU:765:O	B:TRP:770:CB
0	vdw	B:HOH:1113:O	B:LYS:878:C
0	vdw	B:HOH:1113:O	B:LYS:878:O
0	vdw	B:GLN:844:NE2	B:PRO:879:CB
0	vdw	B:GLN:844:NE2	B:PRO:880:O
0	vdw	B:GLN:844:CD	B:PRO:880:O
0	vdw	B:HOH:1136:O	B:VAL:685:O
0	vdw	B:HOH:1136:O	B:VAL:684:CG1
0	vdw	B:HOH:1129:O	B:VAL:685:O
0	vdw	B:GLU:676:CD	B:VAL:684:CG2
0	vdw	B:GLU:676:OE2	B:VAL:684:CG2
0	vdw	B:HOH:1130:O	B:VAL:684:CA
0	vdw	B:HOH:1130:O	B:VAL:685:N
0	vdw	B:HOH:1116:O	B:HOH:1130:O
0	vdw	B:HOH:1124:O	B:TYR:677:N
0	vdw	B:ASP:682:O	B:TYR:677:CA
0	vdw	B:ASP:682:O	B:TYR:677:C
0	vdw	B:TYR:677:C	B:VAL:684:CG2
0	vdw	B:ASP:682:C	B:TYR:677:CD2
0	vdw	B:ASP:682:O	B:TYR:677:CD2
0	vdw	B:ARG:683:N	B:HOH:1131:O
0	vdw	B:ARG:683:C	B:HOH:1116:O
0	vdw	B:ARG:683:O	B:HOH:1116:O
0	vdw	B:ARG:683:O	B:HOH:1131:O
0	vdw	B:ASP:678:OD2	B:HOH:1116:O
0	vdw	B:ARG:683:N	B:TYR:677:CD2
0	vdw	B:LYS:774:CD	B:SER:906:OG
0	vdw	B:ASP:775:CG	B:HOH:1132:O
0	vdw	B:ASP:775:OD2	B:HOH:1132:O
0	vdw	B:ASP:775:CB	B:HOH:1118:O
0	vdw	B:HOH:1132:O	B:LYS:774:CG
0	vdw	B:HOH:1132:O	B:LYS:774:NZ
0	vdw	B:HOH:1118:O	B:PRO:772:C
0	vdw	B:HOH:1118:O	B:PRO:772:O
0	vdw	B:HOH:1118:O	B:HOH:1132:O
0	vdw	B:PRO:772:CB	B:THR:876:C
0	vdw	B:PRO:772:CB	B:THR:876:O
0	vdw	B:HOH:1133:O	B:TRP:770:O
0	vdw	B:GLY:771:N	B:LEU:766:O
0	vdw	B:GLY:771:CA	B:LEU:766:O
0	vdw	B:PRO:772:CG	B:THR:876:O
0	vdw	B:LEU:765:O	B:TRP:770:N
0	vdw	B:HOH:1138:O	B:LEU:884:O
0	vdw	B:ASP:678:C	B:HOH:1120:O
0	vdw	B:GLU:679:N	B:HOH:1120:O
0	vdw	B:ASP:678:CG	B:HOH:1122:O
0	vdw	B:ASP:678:OD1	B:HOH:1122:O
0	vdw	B:ASP:678:OD2	B:HOH:1122:O
0	vdw	B:ASP:678:CA	B:HOH:1120:O
0	vdw	B:ASP:678:CB	B:HOH:1120:O
0	vdw	B:ASP:682:CG	B:HOH:1122:O
0	vdw	B:ASP:682:OD2	B:HOH:1122:O
0	vdw	B:ASN:680:ND2	B:HOH:1122:O
0	vdw	B:ASN:680:CG	B:HOH:1122:O
0	vdw	B:ASN:680:CB	B:HOH:1122:O
0	vdw	B:GLU:679:CA	B:HOH:1120:O
0	vdw	B:GLU:679:CB	B:HOH:1120:O
0	hbbb	B:GLU:920:N	B:LEU:916:O
0	hbbb	B:ASP:931:N	B:CYS:928:O
0	hbbb	B:LEU:762:N	B:SER:763:N
0	hbbb	B:THR:784:N	B:TYR:783:O
0	hbbb	B:ASP:699:N	B:LEU:700:N
0	hbbb	B:ASN:812:N	B:ILE:811:N
0	hbbb	B:ALA:764:N	B:SER:763:O
0	hbbb	B:LEU:765:N	B:SER:761:O
0	hbbb	B:GLN:786:N	B:THR:784:O
0	hbbb	B:GLU:905:N	B:PRO:904:O
0	hbbb	B:GLY:859:O	B:LYS:860:N
0	hbbb	B:ASP:852:N	B:PRO:848:O
0	hbbb	B:ILE:708:N	B:LYS:709:N
0	hbbb	B:CYS:869:O	B:ILE:872:N
0	hbbb	B:LYS:792:N	B:TYR:793:N
0	hbbb	B:CYS:918:N	B:PHE:919:N
0	hbbb	B:PHE:892:O	B:VAL:894:N
0	hbss	B:LYS:805:NZ	B:THR:842:OG1
0	hbbb	B:ASN:808:O	B:SER:821:N
0	hbbb	B:ASP:852:N	B:ILE:851:N
0	hbbb	B:THR:784:N	B:TYR:783:N
0	hbbb	B:ARG:698:N	B:GLY:697:O
0	hbbb	B:ASP:822:O	B:PHE:823:N
0	hbbb	B:GLU:725:N	B:PRO:721:O
0	hbsb	B:GLY:877:N	B:THR:876:OG1
0	hbbb	B:GLN:720:N	B:SER:719:O
0	hbbb	B:GLU:710:N	B:ILE:693:O
0	hbbb	B:HIS:795:N	B:LYS:792:O
0	hbbb	B:ALA:696:O	B:GLY:697:N
0	hbbb	B:GLY:868:N	B:TRP:865:O
0	hbbb	B:ASN:812:O	B:SER:815:N
0	hbbb	B:GLY:759:N	B:GLY:760:N
0	hbbb	B:ASN:797:N	B:HIS:795:O
0	hbbb	B:ASN:808:N	B:ASP:807:N
0	hbbb	B:GLY:857:N	B:TYR:858:N
0	hbbb	B:VAL:684:O	B:VAL:685:N
0	hbbb	B:ASN:808:N	B:VAL:809:N
0	hbbb	B:VAL:684:N	B:VAL:685:N
0	hbbb	B:GLY:687:O	B:VAL:694:N
0	hbsb	B:ARG:802:NH2	B:THR:825:O
0	hbbb	B:ALA:913:O	B:PHE:914:N
0	hbss	B:ASN:736:OD1	B:LYS:735:NZ
0	hbbb	B:ARG:714:N	B:PRO:712:O
0	hbbb	B:GLU:724:N	B:PRO:721:O
0	hbbb	B:ASP:935:N	B:VAL:934:O
0	hbbb	B:GLY:790:N	B:ILE:787:O
0	hbbb	B:CYS:918:N	B:LYS:917:N
0	hbsb	B:ASN:702:OD1	B:GLN:703:N
0	hbbb	B:GLN:778:N	B:GLU:777:O
0	hbbb	B:ASP:935:O	B:GLU:936:N
0	hbbb	B:ALA:707:N	B:ILE:708:N
0	hbbb	B:HIS:801:O	B:SER:826:N
0	hbbb	B:GLY:760:O	B:ILE:811:N
0	hbbb	B:ALA:861:N	B:ALA:862:N
0	hbsb	B:GLN:786:OE1	B:LEU:818:N
0	hbbb	B:GLY:781:O	B:PHE:782:N
0	hbbb	B:ASN:736:N	B:LYS:735:N
0	hbbb	B:ARG:767:N	B:SER:768:N
0	hbbb	B:ASN:776:N	B:ASP:775:O
0	hbbb	B:SER:866:N	B:TRP:865:N
0	hbbb	B:HIS:729:N	B:LEU:728:O
0	hbbb	B:GLU:873:N	B:THR:870:O
0	hbsb	B:SER:866:OG	B:TYR:845:O
0	hbbb	B:GLU:920:N	B:PHE:919:N
0	hbbb	B:ARG:767:N	B:LEU:766:N
0	hbsb	B:ASN:702:OD1	B:VAL:704:N
0	hbbb	B:GLY:859:N	B:TYR:858:N
0	hbbb	B:GLY:790:O	B:TYR:793:N
0	hbbb	B:GLU:724:N	B:GLU:725:N
0	hbss	B:ARG:683:NH1	B:GLU:710:OE1
0	hbbb	B:ALA:847:O	B:ILE:850:N
0	hbbb	B:ILE:752:N	B:LYS:709:O
0	hbbb	B:ALA:929:O	B:LEU:932:N
0	hbbb	B:LEU:773:N	B:PRO:772:O
0	hbbb	B:GLU:710:N	B:LYS:709:O
0	hbbb	B:ASP:796:N	B:HIS:795:N
0	hbbb	B:PHE:782:N	B:THR:779:O
0	hbss	B:GLU:789:OE2	B:LYS:735:NZ
0	hbbb	B:LEU:670:O	B:LEU:671:N
0	hbbb	B:ASN:702:N	B:GLN:703:N
0	hbss	B:ASN:812:ND2	B:SER:815:OG
0	hbbb	B:GLY:748:O	B:PHE:749:N
0	hbbb	B:CYS:869:N	B:SER:866:O
0	hbsb	B:GLU:883:OE2	B:TYR:882:N
0	hbbb	B:LEU:766:N	B:SER:763:O
0	hbbb	B:LEU:791:N	B:LYS:792:N
0	hbbb	B:GLU:936:O	B:LEU:938:N
0	hbbb	B:GLU:905:O	B:MET:907:N
0	hbbb	B:ASN:797:N	B:GLN:798:N
0	hbss	B:SER:743:OG	B:TYR:740:OH
0	hbbb	B:ARG:705:N	B:VAL:704:O
0	hbsb	B:ARG:717:N	B:ASP:715:OD1
0	hbbb	B:GLU:910:O	B:LYS:912:N
0	hbbb	B:ILE:871:N	B:THR:870:N
0	hbbb	B:ASP:924:N	B:LYS:925:N
0	hbbb	B:ILE:804:N	B:LYS:805:N
0	hbbb	B:ARG:714:N	B:GLU:713:N
0	hbbb	B:ARG:717:N	B:SER:716:O
0	hbbb	B:MET:907:N	B:PRO:904:O
0	hbbb	B:GLU:849:N	B:ILE:850:N
0	hbbb	B:GLU:902:N	B:PRO:901:O
0	hbss	B:GLU:873:OE1	B:TYR:845:OH
0	hbbb	B:SER:815:N	B:TYR:814:N
0	hbbb	B:LEU:722:N	B:PRO:721:N
0	hbbb	B:ASP:803:O	B:LYS:805:N
0	hbbb	B:LEU:762:N	B:SER:761:O
0	hbbb	B:ALA:875:O	B:THR:876:N
0	hbbb	B:PHE:782:N	B:TYR:783:N
0	hbbb	B:GLU:883:N	B:LEU:884:N
0	hbbb	B:ARG:683:N	B:ASP:682:O
0	hbsb	B:ASP:807:N	B:SER:763:OG
0	hbbb	B:ASP:775:N	B:LEU:773:O
0	hbbb	B:ALA:696:N	B:TYR:695:O
0	hbbb	B:LEU:773:N	B:LYS:774:N
0	hbbb	B:ASP:807:N	B:GLY:806:O
0	hbbb	B:ILE:752:O	B:PHE:753:N
0	hbbb	B:LEU:810:N	B:VAL:809:N
0	hbbb	B:LEU:765:O	B:LYS:769:N
0	hbbb	B:ASP:678:O	B:GLU:679:N
0	hbbb	B:HIS:734:O	B:ILE:737:N
0	hbbb	B:HIS:729:N	B:LYS:730:N
0	hbsb	B:ALA:764:N	B:SER:761:OG
0	hbbb	B:GLU:910:N	B:SER:908:O
0	hbsb	B:GLN:786:NE2	B:GLY:816:O
0	hbbb	B:ALA:861:N	B:LYS:860:N
0	hbbb	B:ALA:875:N	B:GLU:873:O
0	hbbb	B:LEU:732:O	B:LYS:733:N
0	hbbb	B:ARG:926:N	B:LYS:925:O
0	hbbb	B:LEU:788:N	B:THR:784:O
0	hbbb	B:LEU:794:N	B:TYR:793:N
0	hbbb	B:ILE:820:O	B:VAL:738:N
0	hbbb	B:GLU:905:N	B:SER:906:N
0	hbbb	B:ARG:856:O	B:GLY:857:N
0	hbbb	B:ALA:890:O	B:VAL:894:N
0	hbbb	B:ALA:889:N	B:GLN:888:O
0	hbbb	B:ARG:767:N	B:LEU:766:O
0	hbbb	B:ASN:930:N	B:ASP:931:N
0	hbsb	B:ASP:796:O	B:GLN:798:NE2
0	hbbb	B:ILE:750:N	B:LYS:751:N
0	hbbb	B:GLN:786:O	B:GLU:789:N
0	hbbb	B:THR:690:N	B:TYR:691:N
0	hbbb	B:GLY:790:N	B:LEU:788:O
0	hbbb	B:ASN:702:N	B:SER:701:O
0	hbbb	B:GLU:676:O	B:VAL:684:N
0	hbbb	B:GLU:883:N	B:TYR:882:N
0	hbbb	B:ASP:822:N	B:PHE:823:N
0	hbbb	B:ALA:913:N	B:GLU:910:O
0	hbbb	B:LEU:794:N	B:LYS:792:O
0	hbbb	B:ASN:812:N	B:ILE:811:O
0	hbbb	B:ARG:767:O	B:SER:768:N
0	hbbb	B:LYS:785:N	B:THR:784:N
0	hbbb	B:GLY:816:N	B:VAL:817:N
0	hbbb	B:ASN:797:N	B:ASP:796:O
0	hbbb	B:HIS:795:N	B:LEU:791:O
0	hbbb	B:ASN:776:N	B:LEU:773:O
0	hbbb	B:ILE:871:N	B:THR:870:O
0	hbbb	B:ALA:911:O	B:LYS:912:N
0	hbbb	B:ASN:736:N	B:ILE:737:N
0	hbbb	B:LEU:884:N	B:TYR:882:O
0	hbsb	B:GLU:725:OE2	B:GLY:824:N
0	hbbb	B:ASP:715:O	B:SER:719:N
0	hbbb	B:ALA:875:O	B:LEU:773:N
0	hbbb	B:GLY:692:N	B:TYR:691:N
0	hbbb	B:LEU:867:O	B:THR:870:N
0	hbbb	B:GLY:689:N	B:LYS:688:O
0	hbbb	B:ALA:890:N	B:MET:891:N
0	hbbb	B:ASN:776:N	B:GLU:777:N
0	hbbb	B:GLY:816:N	B:SER:815:N
0	hbbb	B:ASP:863:O	B:ILE:864:N
0	hbbb	B:GLU:713:N	B:ILE:711:O
0	hbsb	B:ASP:715:OD1	B:TYR:718:N
0	hbss	B:ARG:698:NH1	B:GLN:703:OE1
0	hbbb	B:LEU:867:N	B:SER:866:N
0	hbbb	B:GLY:790:O	B:LEU:794:N
0	hbbb	B:LYS:898:N	B:VAL:899:N
0	hbbb	B:LYS:827:N	B:VAL:800:O
0	hbsb	B:GLN:786:NE2	B:PHE:782:O
0	hbbb	B:ASN:812:O	B:THR:813:N
0	hbsb	B:SER:815:OG	B:VAL:817:N
0	hbbb	B:ALA:913:N	B:LYS:912:O
0	hbbb	B:GLY:759:O	B:GLY:760:N
0	hbss	B:ASN:776:ND2	B:THR:779:OG1
0	hbbb	B:CYS:869:N	B:GLY:868:O
0	hbbb	B:ILE:737:N	B:VAL:738:N
0	hbbb	B:LEU:791:O	B:LEU:794:N
0	hbbb	B:GLU:886:N	B:GLY:885:N
0	hbbb	B:ALA:927:O	B:CYS:928:N
0	hbbb	B:GLU:777:O	B:ILE:780:N
0	hbbb	B:ASP:852:N	B:ILE:850:O
0	hbbb	B:LEU:670:N	B:LEU:671:N
0	hbbb	B:HIS:729:O	B:LYS:730:N
0	hbbb	B:GLY:771:N	B:TRP:770:O
0	hbsb	B:ASP:822:N	B:SER:821:OG
0	hbbb	B:LEU:765:O	B:LEU:766:N
0	hbbb	B:GLY:742:O	B:PHE:753:N
0	hbsb	B:SER:866:O	B:THR:870:OG1
0	hbbb	B:LEU:810:N	B:LYS:819:O
0	hbbb	B:ALA:909:N	B:GLU:910:N
0	hbbb	B:GLY:877:O	B:LYS:878:N
0	hbbb	B:ALA:764:O	B:ARG:767:N
0	hbsb	B:GLN:703:NE2	B:LEU:700:O
0	hbbb	B:GLY:687:N	B:VAL:694:O
0	hbbb	B:LYS:893:N	B:VAL:894:N
0	hbbb	B:THR:779:O	B:TYR:783:N
0	hbsb	B:ASP:699:OD1	B:LEU:700:N
0	hbbb	B:LEU:700:N	B:SER:701:N
0	hbbb	B:ASN:930:O	B:LEU:933:N
0	hbbb	B:GLY:697:N	B:ILE:706:O
0	hbbb	B:HIS:731:N	B:LYS:730:O
0	hbbb	B:ASP:674:O	B:TYR:675:N
0	hbbb	B:ILE:864:N	B:TRP:865:N
0	hbbb	B:LEU:843:N	B:THR:842:N
0	hbbb	B:ASP:863:N	B:LYS:860:O
0	hbbb	B:ILE:780:N	B:THR:779:N
0	hbbb	B:ASP:699:O	B:VAL:704:N
0	hbbb	B:GLY:687:O	B:LYS:688:N
0	hbbb	B:ILE:726:O	B:LEU:728:N
0	hbbb	B:ASN:808:N	B:LYS:805:O
0	hbbb	B:TYR:740:N	B:VAL:738:O
0	hbsb	B:GLN:739:N	B:GLU:755:OE2
0	hbbb	B:ASP:931:O	B:LEU:932:N
0	hbbb	B:GLY:748:N	B:PHE:749:N
0	hbbb	B:GLY:877:N	B:THR:876:O
0	hbbb	B:GLY:790:N	B:LEU:791:N
0	hbbb	B:ASP:863:O	B:LEU:867:N
0	hbsb	B:LYS:878:N	B:THR:876:OG1
0	hbbb	B:ASP:715:N	B:SER:716:N
0	hbbb	B:LYS:939:O	B:VAL:940:N
0	hbbb	B:GLN:844:N	B:TYR:845:N
0	hbbb	B:ALA:875:N	B:THR:876:N
0	hbbb	B:GLY:877:N	B:THR:876:N
0	hbbb	B:ASN:808:N	B:ASP:807:O
0	hbbb	B:GLN:778:O	B:PHE:782:N
0	hbbb	B:LEU:867:N	B:TRP:865:O
0	hbbb	B:ILE:787:N	B:THR:784:O
0	hbbb	B:HIS:801:N	B:VAL:800:O
0	hbbb	B:GLY:868:N	B:LEU:867:N
0	hbbb	B:ARG:856:N	B:GLY:857:N
0	hbbb	B:ASN:747:O	B:GLY:748:N
0	hbbb	B:HIS:731:N	B:LEU:732:N
0	hbbb	B:SER:866:O	B:THR:870:N
0	hbbb	B:ASN:702:N	B:LEU:700:O
0	hbbb	B:ILE:708:N	B:TYR:695:O
0	hbbb	B:LEU:810:O	B:LYS:819:N
0	hbbb	B:GLN:786:N	B:LYS:785:N
0	hbss	B:ASP:803:OD1	B:THR:842:OG1
0	hbss	B:ASP:796:OD2	B:LYS:792:NZ
0	hbbb	B:MET:891:N	B:PHE:892:N
0	hbbb	B:ARG:714:N	B:ASP:715:N
0	hbbb	B:ILE:752:O	B:LYS:709:N
0	hbbb	B:ILE:871:N	B:ILE:872:N
0	hbbb	B:ALA:727:N	B:ILE:726:N
0	hbbb	B:ARG:714:O	B:ASP:715:N
0	hbbb	B:LEU:843:O	B:MET:846:N
0	hbbb	B:GLU:910:O	B:PHE:914:N
0	hbbb	B:GLU:905:O	B:SER:906:N
0	hbbb	B:ASP:775:N	B:LYS:774:O
0	hbbb	B:GLU:746:O	B:GLY:748:N
0	hbbb	B:ALA:862:O	B:SER:866:N
0	hbbb	B:PRO:880:O	B:TYR:882:N
0	hbbb	B:ARG:802:N	B:HIS:801:N
0	hbbb	B:GLU:713:N	B:GLY:748:O
0	hbbb	B:LEU:762:O	B:SER:763:N
0	hbbb	B:ALA:861:O	B:ALA:862:N
0	hbbb	B:LYS:827:N	B:SER:826:O
0	hbbb	B:ARG:683:O	B:VAL:684:N
0	hbbb	B:ILE:787:N	B:LEU:788:N
0	hbbb	B:GLN:798:N	B:ILE:799:N
0	hbbb	B:MET:846:N	B:TYR:845:N
0	hbbb	B:ASP:682:N	B:GLY:681:N
0	hbbb	B:ARG:717:O	B:TYR:718:N
0	hbbb	B:LYS:898:N	B:VAL:894:O
0	hbbb	B:GLU:873:N	B:MET:874:N
0	hbbb	B:MET:846:N	B:THR:842:O
0	hbbb	B:ALA:890:N	B:GLN:888:O
0	hbbb	B:ARG:714:O	B:SER:716:N
0	hbbb	B:ASP:807:N	B:GLY:806:N
0	hbbb	B:CYS:918:O	B:PHE:919:N
0	hbbb	B:GLY:841:N	B:THR:840:O
0	hbbb	B:GLU:672:O	B:LEU:700:N
0	hbbb	B:ILE:752:N	B:PHE:753:N
0	hbbb	B:ASP:852:O	B:LYS:853:N
0	hbbb	B:GLY:824:N	B:PHE:823:N
0	hbbb	B:ASN:797:N	B:LEU:794:O
0	hbbb	B:ARG:717:N	B:TYR:718:N
0	hbbb	B:GLN:844:N	B:THR:842:O
0	hbbb	B:LEU:762:N	B:VAL:809:O
0	hbbb	B:GLU:746:N	B:SER:745:O
0	hbbb	B:ALA:862:N	B:LYS:860:O
0	hbbb	B:GLY:689:N	B:LYS:688:N
0	hbbb	B:PHE:823:O	B:SER:826:N
0	hbbb	B:GLY:816:N	B:SER:815:O
0	hbbb	B:LEU:765:N	B:LEU:766:N
0	hbbb	B:ALA:875:O	B:LYS:774:N
0	hbbb	B:ILE:820:N	B:LYS:819:O
0	hbbb	B:GLY:781:N	B:ILE:780:O
0	hbbb	B:ASP:852:N	B:ILE:851:O
0	hbbb	B:ASN:776:N	B:LYS:774:O
0	hbsb	B:GLY:841:N	B:TYR:858:OH
0	hbbb	B:GLY:806:O	B:SER:763:N
0	hbbb	B:ASP:715:N	B:PRO:712:O
0	hbbb	B:GLU:936:N	B:PHE:937:N
0	hbbb	B:ALA:909:O	B:ALA:913:N
0	hbss	B:LYS:751:NZ	B:TYR:673:OH
0	hbbb	B:LYS:785:N	B:TYR:783:O
0	hbbb	B:LEU:686:N	B:VAL:685:O
0	hbsb	B:LYS:733:N	B:TYR:793:OH
0	hbbb	B:LEU:938:O	B:LYS:939:N
0	hbss	B:GLU:710:OE1	B:TYR:675:OH
0	hbsb	B:ASN:680:N	B:ASP:678:OD1
0	hbbb	B:ALA:909:O	B:GLU:910:N
0	hbbb	B:HIS:734:O	B:LYS:735:N
0	hbbb	B:PHE:839:N	B:THR:838:N
0	hbss	B:ASN:776:OD1	B:THR:779:OG1
0	hbbb	B:ILE:737:O	B:VAL:738:N
0	hbbb	B:THR:842:O	B:TYR:845:N
0	hbbb	B:GLY:759:N	B:PRO:758:N
0	hbbb	B:GLU:676:O	B:TYR:677:N
0	hbbb	B:ASN:736:O	B:ILE:820:N
0	hbbb	B:ASN:680:N	B:GLU:679:O
0	hbbb	B:GLY:781:N	B:THR:779:O
0	hbsb	B:ASP:935:OD1	B:GLU:936:N
0	hbbb	B:ALA:727:N	B:HIS:723:O
0	hbbb	B:ASN:776:O	B:GLN:778:N
0	hbbb	B:LYS:898:N	B:PHE:897:N
0	hbsb	B:ALA:911:N	B:SER:908:OG
0	hbbb	B:LEU:788:O	B:LYS:792:N
0	hbbb	B:GLU:725:N	B:ILE:726:N
0	hbbb	B:HIS:723:N	B:SER:719:O
0	hbbb	B:ILE:864:O	B:LEU:867:N
0	hbsb	B:ASP:699:OD1	B:SER:701:N
0	hbsb	B:ASP:822:O	B:HIS:801:NE2
0	hbss	B:ASP:699:OD1	B:SER:701:OG
0	hbbb	B:CYS:869:O	B:GLU:873:N
0	hbbb	B:GLN:778:N	B:GLU:777:N
0	hbbb	B:ALA:929:O	B:LEU:933:N
0	hbbb	B:ASP:924:N	B:PRO:923:N
0	hbbb	B:GLU:789:N	B:LEU:788:N
0	hbbb	B:GLU:789:N	B:GLY:790:N
0	hbbb	B:GLN:778:O	B:ILE:780:N
0	hbbb	B:ALA:911:N	B:GLU:910:N
0	hbbb	B:LEU:700:O	B:SER:701:N
0	hbbb	B:LYS:912:N	B:SER:908:O
0	hbbb	B:GLN:798:N	B:LEU:794:O
0	hbbb	B:ILE:915:N	B:PHE:914:N
0	hbbb	B:LEU:938:N	B:PHE:937:N
0	hbsb	B:MET:846:O	B:TRP:865:NE1
0	hbbb	B:LYS:893:O	B:VAL:894:N
0	hbbb	B:ILE:864:O	B:TRP:865:N
0	hbbb	B:GLY:854:N	B:LYS:853:O
0	hbbb	B:LEU:932:N	B:LEU:933:N
0	hbbb	B:GLU:873:N	B:ILE:872:N
0	hbbb	B:LYS:792:O	B:TYR:793:N
0	hbbb	B:GLN:703:N	B:VAL:704:N
0	hbbb	B:HIS:734:N	B:LYS:733:O
0	hbbb	B:ASP:931:N	B:LEU:932:N
0	hbbb	B:GLY:868:N	B:LEU:867:O
0	hbbb	B:LYS:878:N	B:THR:876:O
0	hbsb	B:ARG:926:NH2	B:GLU:920:O
0	hbbb	B:ARG:802:N	B:ASP:803:N
0	hbbb	B:THR:813:O	B:TYR:814:N
0	hbbb	B:GLU:746:N	B:PHE:749:O
0	hbbb	B:PRO:758:N	B:VAL:757:N
0	hbbb	B:GLU:873:O	B:MET:874:N
0	hbbb	B:GLY:742:O	B:SER:743:N
0	hbbb	B:ASN:812:O	B:GLY:816:N
0	hbbb	B:GLY:824:N	B:THR:825:N
0	hbbb	B:ILE:850:N	B:ILE:851:N
0	hbbb	B:ALA:707:O	B:MET:754:N
0	hbbb	B:ASP:935:N	B:VAL:934:N
0	hbsb	B:ASN:736:N	B:HIS:734:ND1
0	hbbb	B:GLU:849:O	B:ILE:850:N
0	hbbb	B:ILE:903:N	B:PRO:904:N
0	hbbb	B:ASP:803:N	B:ILE:804:N
0	hbbb	B:ALA:875:N	B:MET:874:O
0	hbbb	B:ARG:698:O	B:LEU:700:N
0	hbbb	B:ASP:922:O	B:LYS:925:N
0	hbbb	B:GLN:888:O	B:PHE:892:N
0	hbbb	B:MET:846:N	B:TYR:845:O
0	hbbb	B:HIS:801:N	B:VAL:800:N
0	hbbb	B:GLU:755:N	B:MET:754:O
0	hbbb	B:ASN:747:N	B:GLY:748:N
0	hbbb	B:SER:826:N	B:THR:825:O
0	hbsb	B:ASP:715:O	B:SER:719:OG
0	hbbb	B:GLY:771:N	B:TRP:770:N
0	hbbb	B:LEU:788:O	B:LEU:791:N
0	hbbb	B:ASP:807:N	B:LYS:805:O
0	hbbb	B:LEU:732:N	B:LYS:733:N
0	hbbb	B:PHE:881:N	B:TYR:882:N
0	hbbb	B:ILE:872:O	B:MET:874:N
0	hbbb	B:ARG:926:N	B:LYS:925:N
0	hbbb	B:GLN:778:O	B:THR:779:N
0	hbbb	B:GLY:824:N	B:PHE:823:O
0	hbbb	B:LEU:916:N	B:LYS:912:O
0	hbbb	B:GLU:902:N	B:ILE:903:N
0	hbbb	B:ILE:693:O	B:VAL:694:N
0	hbbb	B:GLY:857:N	B:PRO:855:O
0	hbbb	B:LEU:818:O	B:LYS:819:N
0	hbsb	B:ASN:776:OD1	B:THR:779:N
0	hbbb	B:ALA:890:O	B:PHE:892:N
0	hbbb	B:LEU:933:N	B:VAL:934:N
0	hbbb	B:LEU:741:N	B:TYR:740:O
0	hbbb	B:ILE:750:O	B:LYS:751:N
0	hbbb	B:GLN:786:N	B:TYR:783:O
0	hbbb	B:ASP:775:N	B:LYS:774:N
0	hbbb	B:LEU:722:N	B:SER:719:O
0	hbsb	B:ARG:926:NE	B:GLU:920:O
0	hbbb	B:GLN:844:N	B:LEU:843:N
0	hbbb	B:ARG:802:N	B:HIS:801:O
0	hbbb	B:GLN:720:N	B:PRO:721:N
0	hbbb	B:LYS:769:O	B:TRP:770:N
0	hbbb	B:ILE:787:O	B:LEU:791:N
0	hbbb	B:ALA:889:N	B:GLN:888:N
0	hbbb	B:ILE:851:N	B:PRO:848:O
0	hbbb	B:LEU:884:N	B:PHE:881:O
0	hbbb	B:ALA:913:N	B:LYS:912:N
0	hbbb	B:LYS:751:N	B:PHE:744:O
0	hbbb	B:LEU:818:N	B:VAL:817:O
0	hbbb	B:GLN:798:O	B:LEU:829:N
0	hbbb	B:CYS:869:N	B:LEU:867:O
0	hbbb	B:LEU:686:N	B:VAL:694:O
0	hbbb	B:LEU:686:N	B:VAL:685:N
0	hbsb	B:GLN:720:N	B:SER:719:OG
0	hbss	B:GLU:725:OE2	B:LYS:709:NZ
0	hbbb	B:GLU:672:O	B:TYR:673:N
0	hbbb	B:GLY:687:N	B:LEU:686:N
0	hbbb	B:GLU:725:O	B:ILE:726:N
0	hbbb	B:ILE:820:N	B:SER:821:N
0	hbss	B:ASN:930:OD1	B:LYS:792:NZ
0	hbbb	B:GLY:806:O	B:LEU:762:N
0	hbsb	B:ASN:808:O	B:SER:821:OG
0	hbbb	B:GLY:759:N	B:VAL:757:O
0	hbbb	B:GLU:724:N	B:HIS:723:N
0	hbbb	B:ASN:680:N	B:GLU:679:N
0	hbsb	B:ASN:702:N	B:SER:701:OG
0	hbbb	B:GLY:868:N	B:ILE:864:O
0	hbbb	B:MET:754:N	B:PHE:753:N
0	hbbb	B:LYS:893:N	B:PHE:892:N
0	hbbb	B:GLN:720:N	B:SER:719:N
0	hbbb	B:SER:761:O	B:SER:763:N
0	hbbb	B:HIS:729:N	B:LEU:728:N
0	hbbb	B:GLU:886:N	B:GLY:885:O
0	hbss	B:GLU:710:OE2	B:TYR:675:OH
0	hbsb	B:ARG:802:N	B:ASP:863:OD1
0	hbsb	B:HIS:801:NE2	B:SER:821:O
0	hbbb	B:ALA:909:N	B:SER:908:O
0	hbbb	B:GLN:888:N	B:PRO:887:O
0	hbbb	B:ILE:871:O	B:MET:874:N
0	hbbb	B:GLY:857:O	B:TYR:858:N
0	hbsb	B:GLU:777:OE1	B:SER:908:N
0	hbsb	B:ASP:678:OD1	B:GLU:679:N
0	hbbb	B:ARG:698:O	B:ASP:699:N
0	hbbb	B:ASN:808:N	B:GLY:806:O
0	hbsb	B:SER:743:N	B:TYR:740:OH
0	hbbb	B:ALA:927:N	B:ARG:926:O
0	hbbb	B:GLY:687:N	B:LEU:686:O
0	hbbb	B:HIS:723:N	B:LEU:722:N
0	hbsb	B:ASP:803:OD1	B:THR:842:N
0	hbbb	B:LEU:741:N	B:PHE:753:O
0	hbbb	B:GLN:798:N	B:HIS:795:O
0	hbbb	B:ILE:780:O	B:PHE:782:N
0	hbbb	B:GLN:739:N	B:TYR:740:N
0	hbbb	B:ALA:929:N	B:ASN:930:N
0	hbbb	B:GLY:895:O	B:MET:896:N
0	hbbb	B:ARG:767:N	B:LEU:765:O
0	hbsb	B:ASP:822:OD2	B:THR:690:N
0	hbbb	B:ALA:847:O	B:ILE:851:N
0	hbsb	B:GLU:905:O	B:LYS:912:NZ
0	hbbb	B:GLY:857:O	B:GLY:859:N
0	hbsb	B:GLN:739:NE2	B:TYR:740:N
0	hbbb	B:HIS:795:N	B:LEU:794:N
0	hbbb	B:ARG:856:N	B:PRO:855:O
0	hbbb	B:HIS:900:N	B:VAL:899:O
0	hbbb	B:MET:907:N	B:SER:906:N
0	hbbb	B:GLY:868:N	B:SER:866:O
0	hbbb	B:ASP:922:N	B:GLU:920:O
0	hbbb	B:ALA:911:N	B:GLU:910:O
0	hbbb	B:GLY:742:N	B:LEU:741:N
0	hbbb	B:ALA:727:N	B:GLU:724:O
0	hbbb	B:HIS:734:N	B:LYS:733:N
0	hbbb	B:ASN:930:O	B:ASP:931:N
0	hbbb	B:ASN:797:N	B:TYR:793:O
0	hbbb	B:GLU:920:N	B:PHE:919:O
0	hbbb	B:PRO:758:O	B:THR:813:N
0	hbbb	B:GLN:786:O	B:GLY:790:N
0	hbbb	B:GLY:790:O	B:LEU:791:N
0	hbbb	B:GLY:854:N	B:LYS:853:N
0	hbbb	B:GLU:710:N	B:LYS:709:N
0	hbbb	B:ALA:889:N	B:PRO:887:O
0	hbbb	B:HIS:729:O	B:LEU:732:N
0	hbbb	B:GLY:806:O	B:VAL:809:N
0	hbbb	B:LEU:741:N	B:TYR:740:N
0	hbsb	B:ILE:780:O	B:THR:784:OG1
0	hbbb	B:ALA:913:O	B:LYS:917:N
0	hbbb	B:MET:896:N	B:PHE:897:N
0	hbbb	B:LEU:843:N	B:THR:842:O
0	hbbb	B:GLU:920:N	B:LYS:917:O
0	hbbb	B:GLY:692:O	B:ILE:693:N
0	hbbb	B:ASN:776:O	B:ILE:780:N
0	hbbb	B:ARG:717:N	B:ASP:715:O
0	hbbb	B:GLN:778:N	B:THR:779:N
0	hbbb	B:ILE:711:N	B:ILE:750:O
0	hbbb	B:ASP:715:O	B:SER:716:N
0	hbbb	B:LEU:916:N	B:LYS:917:N
0	hbbb	B:ARG:717:N	B:SER:716:N
0	hbsb	B:LYS:769:N	B:SER:768:OG
0	hbbb	B:GLU:873:N	B:ILE:872:O
0	hbsb	B:HIS:801:O	B:SER:826:OG
0	hbss	B:ARG:705:NH1	B:GLU:676:OE1
0	hbbb	B:SER:815:N	B:TYR:814:O
0	hbbb	B:PHE:823:O	B:THR:825:N
0	hbbb	B:PHE:782:O	B:TYR:783:N
0	hbsb	B:ASN:812:OD1	B:TYR:814:N
0	hbbb	B:LYS:769:N	B:SER:768:N
0	hbbb	B:ASP:699:O	B:GLN:703:N
0	hbbb	B:SER:826:N	B:THR:825:N
0	hbbb	B:ILE:871:O	B:ILE:872:N
0	hbbb	B:GLY:806:N	B:LYS:805:O
0	hbbb	B:GLN:720:O	B:LEU:722:N
0	hbbb	B:GLN:786:N	B:ILE:787:N
0	hbbb	B:THR:690:O	B:TYR:691:N
0	hbbb	B:LEU:773:O	B:LYS:774:N
0	hbbb	B:ASP:922:N	B:PRO:923:N
0	hbsb	B:ASP:803:N	B:HIS:801:ND1
0	hbbb	B:ALA:875:N	B:MET:874:N
0	hbss	B:GLN:720:NE2	B:GLU:724:OE2
0	hbbb	B:ASN:747:O	B:PHE:749:N
0	hbbb	B:GLN:778:O	B:GLY:781:N
0	hbbb	B:ALA:861:N	B:LYS:860:O
0	hbsb	B:ALA:861:O	B:ARG:926:NH1
0	hbbb	B:ASN:702:N	B:SER:701:N
0	hbbb	B:GLN:798:O	B:ILE:799:N
0	hbbb	B:GLN:888:O	B:MET:891:N
0	hbbb	B:ASP:922:O	B:ASP:924:N
0	hbbb	B:ASN:747:N	B:GLU:746:O
0	hbbb	B:ASP:682:N	B:GLY:681:O
0	hbbb	B:PHE:881:N	B:PRO:880:O
0	hbss	B:GLU:777:OE2	B:SER:908:OG
0	hbbb	B:GLU:883:O	B:LEU:884:N
0	hbbb	B:ILE:915:N	B:LEU:916:N
0	hbbb	B:GLY:895:N	B:MET:896:N
0	hbbb	B:ASP:935:N	B:LEU:932:O
0	hbbb	B:ILE:780:N	B:THR:779:O
0	hbbb	B:GLY:868:O	B:THR:870:N
0	hbbb	B:ARG:683:O	B:VAL:685:N
0	hbbb	B:GLU:849:N	B:PRO:848:O
0	hbsb	B:GLN:756:NE2	B:ILE:706:O
0	hbbb	B:ILE:708:O	B:LYS:709:N
0	hbbb	B:LEU:818:N	B:VAL:817:N
0	hbbb	B:CYS:869:N	B:THR:870:N
0	hbbb	B:ASP:803:N	B:HIS:801:O
0	hbbb	B:GLN:739:N	B:VAL:738:O
0	hbsb	B:GLN:844:NE2	B:PRO:880:O
0	hbss	B:GLU:725:OE1	B:LYS:709:NZ
0	hbbb	B:ASP:699:N	B:VAL:704:O
0	hbsb	B:HIS:801:O	B:THR:825:OG1
0	hbsb	B:ASP:822:OD1	B:PHE:823:N
0	hbbb	B:GLY:816:O	B:VAL:817:N
0	hbbb	B:GLY:781:N	B:ILE:780:N
0	hbbb	B:HIS:731:O	B:LEU:732:N
0	hbbb	B:LYS:893:O	B:PHE:897:N
0	hbbb	B:ASN:702:O	B:GLN:703:N
0	hbbb	B:ASN:776:O	B:GLU:777:N
0	hbbb	B:LYS:751:O	B:PHE:744:N
0	hbsb	B:GLU:713:O	B:SER:719:OG
0	hbsb	B:GLY:816:N	B:SER:815:OG
0	hbbb	B:ARG:828:O	B:LEU:829:N
0	hbbb	B:ALA:911:N	B:SER:908:O
0	hbbb	B:GLU:883:N	B:PHE:881:O
0	hbss	B:LYS:751:NZ	B:TYR:675:OH
0	hbbb	B:ILE:780:O	B:TYR:783:N
0	hbbb	B:ASP:796:N	B:HIS:795:O
0	hbbb	B:GLU:724:O	B:ILE:726:N
0	hbsb	B:SER:826:N	B:THR:825:OG1
0	hbsb	B:ASN:812:OD1	B:SER:815:N
0	hbbb	B:LEU:722:N	B:PRO:721:O
0	hbbb	B:LEU:773:N	B:MET:874:O
0	hbbb	B:ARG:698:O	B:ASP:674:N
0	hbbb	B:ILE:871:N	B:LEU:867:O
0	hbsb	B:ASN:736:ND2	B:LEU:818:O
0	hbbb	B:GLU:789:O	B:TYR:793:N
0	hbbb	B:PHE:839:N	B:THR:838:O
0	hbbb	B:GLU:724:O	B:GLU:725:N
0	hbbb	B:HIS:723:N	B:LEU:722:O
0	hbbb	B:GLY:841:O	B:THR:842:N
0	hbbb	B:ILE:811:N	B:LEU:810:O
0	hbbb	B:ASN:702:O	B:VAL:704:N
0	hbbb	B:ARG:856:O	B:TYR:858:N
0	hbsb	B:LYS:878:O	B:THR:876:OG1
0	hbbb	B:GLN:786:O	B:LEU:788:N
0	hbbb	B:GLY:781:N	B:PHE:782:N
0	hbbb	B:ALA:764:O	B:LEU:765:N
0	hbbb	B:GLN:888:N	B:GLU:886:O
0	hbbb	B:ALA:847:N	B:MET:846:N
0	hbss	B:GLU:746:OE2	B:TYR:673:OH
0	hbbb	B:ASP:796:N	B:LEU:794:O
0	hbbb	B:ARG:926:O	B:CYS:928:N
0	hbbb	B:ALA:727:O	B:LEU:728:N
0	hbbb	B:GLY:781:O	B:LYS:785:N
0	hbsb	B:HIS:795:O	B:LYS:860:NZ
0	hbbb	B:HIS:795:N	B:LEU:794:O
0	hbsb	B:ASP:935:OD1	B:PHE:937:N
0	hbbb	B:ILE:787:N	B:TYR:783:O
0	hbbb	B:GLY:868:O	B:ILE:871:N
0	hbbb	B:ASN:736:N	B:LYS:735:O
0	hbbb	B:ILE:903:N	B:PRO:901:O
0	hbbb	B:ALA:862:N	B:ASP:863:N
0	hbbb	B:ILE:726:N	B:LEU:722:O
0	hbss	B:ASN:747:OD1	B:LYS:751:NZ
0	hbbb	B:GLY:895:N	B:VAL:894:N
0	hbsb	B:ILE:872:O	B:THR:876:OG1
0	hbbb	B:LEU:791:O	B:LYS:792:N
0	hbbb	B:GLU:905:N	B:ILE:903:O
0	hbsb	B:ASN:808:ND2	B:ASP:803:O
0	hbsb	B:LYS:735:O	B:LYS:819:NZ
0	hbbb	B:ALA:911:O	B:PHE:914:N
0	hbbb	B:GLY:790:O	B:LYS:792:N
0	hbbb	B:GLU:672:N	B:LEU:670:O
0	hbbb	B:GLY:854:N	B:ILE:850:O
0	hbbb	B:ALA:913:O	B:LEU:916:N
0	hbbb	B:HIS:729:O	B:HIS:731:N
0	hbsb	B:ASN:797:ND2	B:TYR:793:O
0	hbbb	B:MET:754:N	B:PHE:753:O
0	hbbb	B:LYS:893:N	B:PHE:892:O
0	hbbb	B:GLU:724:O	B:LEU:728:N
0	hbbb	B:ASP:924:O	B:LYS:925:N
0	hbbb	B:LEU:916:O	B:LYS:917:N
0	hbbb	B:ALA:861:O	B:ILE:864:N
0	hbbb	B:ASN:680:N	B:ASP:678:O
0	hbbb	B:ALA:889:N	B:ALA:890:N
0	hbbb	B:ASN:702:N	B:ASP:699:O
0	hbbb	B:LEU:765:O	B:TRP:770:N
0	hbss	B:ASN:736:ND2	B:GLN:786:OE1
0	hbbb	B:ARG:926:N	B:ASP:922:O
0	hbbb	B:GLY:885:N	B:LEU:884:N
0	hblb	B:8V7:1000:O15	B:VAL:757:N
0	hbbb	B:ASN:680:O	B:GLY:681:N
0	hbbb	B:ALA:890:O	B:MET:891:N
0	hbbb	B:ASP:678:N	B:ASP:682:O
0	hbsb	B:ALA:862:O	B:SER:866:OG
0	hbbb	B:GLY:895:N	B:PHE:892:O
0	hbss	B:ASP:935:OD2	B:LYS:917:NZ
0	hbbb	B:ALA:889:O	B:LYS:893:N
0	hbbb	B:GLN:756:O	B:VAL:757:N
0	hbbb	B:ALA:890:N	B:PRO:887:O
0	hbbb	B:ASN:812:N	B:THR:813:N
0	hbss	B:ARG:926:NH1	B:GLU:849:OE1
0	hbss	B:GLU:713:OE2	B:SER:745:OG
0	hbbb	B:GLN:844:N	B:LEU:843:O
0	hbbb	B:HIS:795:N	B:ILE:799:O
0	hbbb	B:TYR:695:N	B:VAL:694:N
0	hbbb	B:LEU:794:N	B:TYR:793:O
0	hbbb	B:ILE:752:N	B:LYS:751:O
0	hbbb	B:TYR:695:N	B:VAL:694:O
0	hbbb	B:GLU:710:O	B:ILE:711:N
0	hbss	B:ASP:863:OD2	B:HIS:795:NE2
0	hbbb	B:ARG:802:O	B:ASP:803:N
0	hbbb	B:GLU:883:N	B:TYR:882:O
0	hbbb	B:ALA:890:O	B:LYS:893:N
0	hbbb	B:LYS:785:N	B:THR:784:O
0	hbbb	B:GLU:746:O	B:PHE:749:N
0	hbbb	B:PRO:904:O	B:SER:906:N
0	hbbb	B:ALA:875:N	B:ILE:872:O
0	hbbb	B:GLU:777:O	B:GLY:781:N
0	hbbb	B:ASP:922:N	B:PRO:921:O
0	hbbb	B:ASN:797:N	B:ASP:796:N
0	hbsb	B:ALA:764:O	B:SER:768:OG
0	hbbb	B:GLU:725:O	B:HIS:729:N
0	hbbb	B:ALA:862:N	B:GLY:859:O
0	hbbb	B:ILE:726:O	B:LYS:730:N
0	hbbb	B:ALA:929:O	B:ASN:930:N
0	hbbb	B:ASP:678:O	B:GLY:681:N
0	hbbb	B:GLU:789:N	B:LEU:788:O
0	hbbb	B:ILE:708:O	B:TYR:695:N
0	hbbb	B:ASP:935:O	B:LEU:938:N
0	hbbb	B:ASN:680:N	B:GLY:681:N
0	hbss	B:GLU:873:OE2	B:SER:763:OG
0	hbbb	B:LEU:762:O	B:LEU:766:N
0	hbbb	B:LEU:938:N	B:LYS:939:N
0	hbbb	B:LYS:917:O	B:PHE:919:N
0	hbbb	B:MET:891:O	B:VAL:894:N
0	hbbb	B:ASP:863:N	B:ILE:864:N
0	hbbb	B:GLU:873:O	B:LYS:878:N
0	hbsb	B:HIS:729:NE2	B:VAL:738:O
0	hbbb	B:GLY:689:O	B:THR:690:N
0	hbbb	B:ILE:750:N	B:PHE:749:O
0	hbbb	B:ASP:796:N	B:LYS:792:O
0	hbsb	B:GLY:895:O	B:LYS:898:NZ
0	hbbb	B:ASN:736:O	B:ILE:737:N
0	hbbb	B:ALA:889:O	B:ALA:890:N
0	hbbb	B:CYS:918:N	B:LEU:916:O
0	hbbb	B:ASN:776:N	B:ASP:775:N
0	hbbb	B:HIS:731:N	B:LYS:730:N
0	hbbb	B:CYS:869:N	B:GLY:868:N
0	hbbb	B:LYS:898:N	B:PHE:897:O
0	hbbb	B:ALA:911:O	B:ILE:915:N
0	hbbb	B:ALA:764:N	B:LEU:765:N
0	hbbb	B:GLN:720:O	B:HIS:723:N
0	hbbb	B:LEU:765:N	B:SER:763:O
0	hbss	B:GLN:798:OE1	B:LYS:860:NZ
0	hbbb	B:LYS:827:O	B:VAL:800:N
0	hbbb	B:ILE:915:O	B:LEU:916:N
0	hbbb	B:ASN:808:O	B:VAL:809:N
0	hbbb	B:GLU:724:N	B:LEU:722:O
0	hbbb	B:GLY:759:N	B:PRO:758:O
0	hbbb	B:LEU:916:O	B:PHE:919:N
0	hbbb	B:GLY:877:N	B:LYS:878:N
0	hbbb	B:PHE:744:O	B:SER:745:N
0	hbbb	B:ARG:698:N	B:ASP:674:O
0	hbbb	B:ASN:797:O	B:ILE:799:N
0	hbsb	B:GLU:873:OE1	B:GLY:806:N
0	hbbb	B:ASN:812:N	B:VAL:817:O
0	hbbb	B:CYS:918:N	B:LYS:917:O
0	hbbb	B:GLY:771:O	B:LEU:773:N
0	hbss	B:ASP:822:OD1	B:LYS:709:NZ
0	hbbb	B:ASP:699:O	B:SER:701:N
0	hbbb	B:ASP:674:N	B:TYR:673:O
0	hbbb	B:GLU:672:N	B:LEU:671:O
0	hbbb	B:SER:719:N	B:TYR:718:N
0	hbbb	B:LEU:867:N	B:SER:866:O
0	hbss	B:GLU:746:OE2	B:LYS:751:NZ
0	hbsb	B:PHE:839:N	B:THR:838:OG1
0	hbbb	B:ARG:767:N	B:SER:763:O
0	hbbb	B:ARG:705:O	B:ILE:706:N
0	hbbb	B:SER:866:N	B:TRP:865:O
0	hbbb	B:ILE:850:N	B:PRO:848:O
0	hbbb	B:ALA:764:N	B:SER:763:N
0	hbbb	B:ILE:787:O	B:LEU:788:N
0	hbbb	B:MET:896:O	B:PHE:897:N
0	hbsb	B:ASP:863:OD2	B:HIS:801:N
0	hbbb	B:LEU:791:O	B:TYR:793:N
0	hbbb	B:PRO:855:O	B:TYR:858:N
0	hbbb	B:LYS:939:N	B:VAL:940:N
0	hbbb	B:LEU:788:N	B:LYS:785:O
0	hbbb	B:GLN:844:O	B:TYR:845:N
0	hbbb	B:LEU:916:N	B:PHE:914:O
0	hbbb	B:ASP:863:O	B:SER:866:N
0	hbbb	B:GLY:895:N	B:MET:891:O
0	hbbb	B:ASP:852:N	B:LYS:853:N
0	hbbb	B:ASN:736:N	B:HIS:734:O
0	hbbb	B:GLU:724:N	B:HIS:723:O
0	hbbb	B:ARG:856:N	B:GLY:854:O
0	hbbb	B:ALA:727:N	B:LEU:728:N
0	hbbb	B:GLY:854:O	B:GLY:857:N
0	hbbb	B:GLY:824:O	B:THR:825:N
0	hbbb	B:LYS:893:O	B:LYS:898:N
0	hbbb	B:LEU:728:O	B:LYS:730:N
0	hbbb	B:GLU:713:N	B:PRO:712:O
0	hbsb	B:ASP:678:OD1	B:ASP:682:N
0	hbsb	B:ARG:926:NH2	B:PRO:921:O
0	hbbb	B:ALA:911:N	B:LYS:912:N
0	hbbb	B:LYS:769:N	B:SER:768:O
0	hbbb	B:ILE:811:O	B:THR:813:N
0	hbsb	B:ASN:747:ND2	B:GLU:746:O
0	hbbb	B:GLY:885:N	B:LEU:884:O
0	hbbb	B:GLN:786:N	B:LYS:785:O
0	hbbb	B:MET:891:O	B:PHE:892:N
0	hbbb	B:ALA:764:N	B:SER:761:O
0	hbsb	B:ASP:678:OD1	B:GLY:681:N
0	hbbb	B:PHE:881:O	B:TYR:882:N
0	hbbb	B:ALA:909:O	B:LYS:912:N
0	hbbb	B:LEU:810:N	B:VAL:809:O
0	hbbb	B:SER:719:N	B:TYR:718:O
0	hbbb	B:GLY:895:N	B:VAL:894:O
0	hbbb	B:CYS:869:O	B:THR:870:N
0	hbbb	B:ASP:922:N	B:PRO:921:N
0	hbss	B:ARG:926:NH1	B:GLU:849:OE2
0	hbbb	B:HIS:729:N	B:ILE:726:O
0	hbbb	B:GLY:742:N	B:LEU:741:O
0	hbbb	B:GLY:771:N	B:LEU:766:O
0	hbsb	B:ASP:922:N	B:GLU:920:OE2
0	hbbb	B:GLU:902:O	B:ILE:903:N
0	hbbb	B:GLU:873:O	B:GLY:877:N
0	hbsb	B:GLN:739:NE2	B:TYR:740:O
0	hbbb	B:ALA:861:N	B:GLY:859:O
0	hbbb	B:GLU:849:N	B:PRO:848:N
0	hbbb	B:GLN:756:N	B:GLU:755:O
0	hbbb	B:GLY:760:N	B:ILE:811:O
0	hbbb	B:MET:907:N	B:SER:906:O
0	hbbb	B:GLU:849:O	B:LYS:853:N
0	hbsb	B:ASP:822:OD1	B:GLY:824:N
0	hbbb	B:GLY:692:N	B:TYR:691:O
0	hbbb	B:ALA:707:N	B:ILE:706:O
0	hbbb	B:LEU:932:O	B:VAL:934:N
0	hbsb	B:LYS:939:NZ	B:VAL:934:O
0	hbbb	B:CYS:918:N	B:ILE:915:O
0	hbbb	B:PRO:879:O	B:TYR:882:N
0	hbbb	B:MET:874:N	B:THR:870:O
0	hbbb	B:ARG:714:N	B:GLU:713:O
0	hbbb	B:ASP:822:N	B:SER:821:O
0	hbbb	B:GLU:886:N	B:LEU:884:O
0	hbbb	B:LEU:762:O	B:LEU:765:N
0	hbbb	B:ALA:875:N	B:ILE:871:O
0	hbbb	B:GLY:697:O	B:ILE:706:N
0	hbbb	B:GLU:920:N	B:PRO:921:N
0	hbbb	B:ILE:820:O	B:SER:821:N
0	hbbb	B:ILE:711:O	B:ILE:750:N
0	hbbb	B:GLU:725:N	B:LEU:722:O
0	hbbb	B:GLN:739:O	B:GLU:755:N
0	hbbb	B:ASN:930:O	B:VAL:934:N
0	hbbb	B:LYS:898:O	B:VAL:899:N
0	hbbb	B:ALA:847:N	B:MET:846:O
0	hbbb	B:GLU:936:O	B:PHE:937:N
0	hbbb	B:ASP:678:N	B:TYR:677:O
0	hbsb	B:HIS:734:ND1	B:LYS:735:N
0	hbbb	B:GLN:888:N	B:PRO:887:N
0	hbss	B:ASP:822:OD2	B:THR:690:OG1
0	hbbb	B:GLY:868:O	B:ILE:872:N
0	hbbb	B:ALA:707:O	B:ILE:708:N
0	hbbb	B:ASP:924:N	B:PRO:923:O
0	hbbb	B:GLN:739:O	B:TYR:740:N
0	hbbb	B:ALA:707:N	B:MET:754:O
0	hbbb	B:ASP:935:O	B:PHE:937:N
0	hbbb	B:ILE:872:O	B:THR:876:N
0	hbbb	B:ARG:828:N	B:LYS:827:O
0	hbbb	B:ILE:915:N	B:PHE:914:O
0	hbbb	B:LEU:938:N	B:PHE:937:O
0	hbbb	B:ALA:862:O	B:ASP:863:N
0	hbbb	B:LEU:843:O	B:TYR:845:N
0	hbbb	B:ALA:929:N	B:CYS:928:O
0	hbbb	B:ARG:856:N	B:PRO:855:N
0	hbbb	B:GLY:760:O	B:SER:761:N
0	hbbb	B:ASP:699:O	B:LEU:700:N
0	hbls	B:8V7:1000:N6	B:LYS:709:NZ
0	hbbb	B:CYS:869:N	B:TRP:865:O
0	hbbb	B:LEU:932:O	B:LEU:933:N
0	hbbb	B:GLN:703:O	B:VAL:704:N
0	hbbb	B:LEU:722:N	B:TYR:718:O
0	hbbb	B:PHE:881:N	B:PRO:879:O
0	hbbb	B:GLY:689:N	B:GLY:692:O
0	hbbb	B:ALA:913:N	B:PHE:914:N
0	hbss	B:ASN:812:OD1	B:SER:815:OG
0	hbbb	B:MET:896:N	B:PHE:892:O
0	hbbb	B:GLN:739:N	B:ILE:737:O
0	hbbb	B:GLY:885:N	B:TYR:882:O
0	hbbb	B:ASN:797:O	B:GLN:798:N
0	hbss	B:ASP:807:OD1	B:SER:763:OG
0	hbbb	B:ALA:727:N	B:ILE:726:O
0	hbbb	B:ILE:850:O	B:ILE:851:N
0	hbbb	B:ALA:764:O	B:SER:768:N
0	hbbb	B:ILE:780:O	B:THR:784:N
0	hbbb	B:LYS:769:N	B:TRP:770:N
0	hbbb	B:GLU:883:O	B:GLY:885:N
0	hbbb	B:LYS:917:N	B:PHE:914:O
0	hbbb	B:ASP:803:O	B:ILE:804:N
0	hbbb	B:ALA:889:N	B:GLU:886:O
0	hbbb	B:THR:813:N	B:TYR:814:N
0	hbbb	B:GLU:725:O	B:LEU:728:N
0	hbsb	B:ASP:931:OD2	B:CYS:928:N
0	hbbb	B:ASN:812:O	B:TYR:814:N
0	hbbb	B:ILE:799:N	B:LEU:794:O
0	hbbb	B:ILE:799:O	B:VAL:800:N
0	hbss	B:ARG:926:NH2	B:GLU:849:OE2
0	hbbb	B:GLU:789:N	B:LYS:785:O
0	hbbb	B:ALA:861:O	B:TRP:865:N
0	hbbb	B:PHE:744:N	B:SER:743:O
0	hbbb	B:MET:907:O	B:SER:908:N
0	hbbb	B:CYS:928:O	B:LEU:932:N
0	hbbb	B:GLN:786:O	B:ILE:787:N
0	hbbb	B:GLU:789:O	B:GLY:790:N
0	hbbb	B:ALA:696:N	B:VAL:684:O
0	hbbb	B:GLY:859:N	B:TYR:858:O
0	hbbb	B:GLN:720:O	B:GLU:724:N
0	hbbb	B:ILE:804:O	B:LYS:805:N
0	hbbb	B:GLU:710:O	B:ILE:693:N
0	hbbb	B:GLY:781:O	B:TYR:783:N
0	hbbb	B:LEU:933:O	B:VAL:934:N
0	hbbb	B:ASN:776:O	B:THR:779:N
0	hbbb	B:GLY:742:N	B:PHE:753:O
0	hbbb	B:PHE:839:O	B:THR:840:N
0	wb	B:ASP:699:OD1	B:GLU:672:O	B:HOH:1121:O
0	wb	B:ASP:699:OD1	B:GLU:672:N	B:HOH:1121:O
0	wb	B:ASP:678:OD1	B:ASP:682:OD2	B:HOH:1122:O
0	wb	B:ASN:680:ND2	B:ASP:678:OD1	B:HOH:1122:O
0	wb	B:ASP:678:OD2	B:ASP:682:OD2	B:HOH:1122:O
0	wb	B:ASN:680:ND2	B:ASP:682:OD2	B:HOH:1122:O
0	wb	B:ASN:680:ND2	B:ASP:678:OD2	B:HOH:1122:O
0	wb	B:MET:846:N	B:TYR:845:O	B:HOH:1101:O
0	wb	B:THR:842:N	B:TYR:845:O	B:HOH:1101:O
0	wb2	B:ASP:803:OD1	B:TYR:845:O	B:HOH:1101:O	B:HOH:1109:O
0	wb2	B:ILE:804:O	B:TYR:845:O	B:HOH:1101:O	B:HOH:1109:O
0	wb	B:THR:842:O	B:TYR:845:O	B:HOH:1101:O
0	wb	B:MET:846:N	B:THR:842:N	B:HOH:1101:O
0	wb2	B:ASP:803:OD1	B:MET:846:N	B:HOH:1101:O	B:HOH:1109:O
0	wb2	B:ILE:804:O	B:MET:846:N	B:HOH:1101:O	B:HOH:1109:O
0	wb	B:MET:846:N	B:THR:842:O	B:HOH:1101:O
0	wb2	B:ASP:803:OD1	B:THR:842:N	B:HOH:1101:O	B:HOH:1109:O
0	wb2	B:ILE:804:O	B:THR:842:N	B:HOH:1101:O	B:HOH:1109:O
0	wb2	B:ASP:803:OD1	B:THR:842:O	B:HOH:1101:O	B:HOH:1109:O
0	wb2	B:ILE:804:O	B:THR:842:O	B:HOH:1101:O	B:HOH:1109:O
0	wb	B:HIS:729:NE2	B:TYR:740:N	B:HOH:1123:O
0	wb	B:HIS:729:NE2	B:VAL:738:O	B:HOH:1123:O
0	wb2	B:HIS:729:NE2	B:ILE:737:O	B:HOH:1123:O	B:HOH:1128:O
0	wb2	B:HIS:729:NE2	B:HIS:734:N	B:HOH:1123:O	B:HOH:1128:O
0	wb2	B:HIS:729:NE2	B:HIS:734:O	B:HOH:1123:O	B:HOH:1128:O
0	wb2	B:GLN:739:OE1	B:HIS:729:NE2	B:HOH:1123:O	B:HOH:1128:O
0	wb	B:HIS:729:NE2	B:LEU:732:O	B:HOH:1123:O
0	wb	B:GLN:739:NE2	B:HIS:729:NE2	B:HOH:1123:O
0	wb	B:TYR:740:N	B:VAL:738:O	B:HOH:1123:O
0	wb2	B:ILE:737:O	B:TYR:740:N	B:HOH:1123:O	B:HOH:1128:O
0	wb2	B:HIS:734:N	B:TYR:740:N	B:HOH:1123:O	B:HOH:1128:O
0	wb2	B:HIS:734:O	B:TYR:740:N	B:HOH:1123:O	B:HOH:1128:O
0	wb2	B:GLN:739:OE1	B:TYR:740:N	B:HOH:1123:O	B:HOH:1128:O
0	wb	B:LEU:732:O	B:TYR:740:N	B:HOH:1123:O
0	wb	B:GLN:739:NE2	B:TYR:740:N	B:HOH:1123:O
0	wb2	B:ILE:737:O	B:VAL:738:O	B:HOH:1123:O	B:HOH:1128:O
0	wb2	B:HIS:734:N	B:VAL:738:O	B:HOH:1123:O	B:HOH:1128:O
0	wb2	B:HIS:734:O	B:VAL:738:O	B:HOH:1123:O	B:HOH:1128:O
0	wb2	B:GLN:739:OE1	B:VAL:738:O	B:HOH:1123:O	B:HOH:1128:O
0	wb	B:LEU:732:O	B:VAL:738:O	B:HOH:1123:O
0	wb	B:GLN:739:NE2	B:VAL:738:O	B:HOH:1123:O
0	wb2	B:ILE:737:O	B:LEU:732:O	B:HOH:1123:O	B:HOH:1128:O
0	wb2	B:HIS:734:N	B:LEU:732:O	B:HOH:1123:O	B:HOH:1128:O
0	wb2	B:HIS:734:O	B:LEU:732:O	B:HOH:1123:O	B:HOH:1128:O
0	wb2	B:GLN:739:OE1	B:LEU:732:O	B:HOH:1123:O	B:HOH:1128:O
0	wb2	B:GLN:739:NE2	B:ILE:737:O	B:HOH:1123:O	B:HOH:1128:O
0	wb2	B:GLN:739:NE2	B:HIS:734:N	B:HOH:1123:O	B:HOH:1128:O
0	wb2	B:GLN:739:NE2	B:HIS:734:O	B:HOH:1123:O	B:HOH:1128:O
0	wb	B:GLN:739:NE2	B:LEU:732:O	B:HOH:1123:O
0	wb	B:GLU:676:OE1	B:TYR:677:N	B:HOH:1124:O
0	wb2	B:ASP:822:N	B:HIS:729:ND1	B:HOH:1103:O	B:HOH:1119:O
0	lwb2	B:8V7:1000:N7	B:HIS:729:ND1	B:HOH:1103:O	B:HOH:1119:O
0	wb	B:HIS:729:ND1	B:PHE:823:N	B:HOH:1103:O
0	wb	B:GLU:725:OE1	B:HIS:729:ND1	B:HOH:1103:O
0	wb2	B:ASP:822:N	B:PHE:823:N	B:HOH:1103:O	B:HOH:1119:O
0	lwb2	B:8V7:1000:N7	B:PHE:823:N	B:HOH:1103:O	B:HOH:1119:O
0	wb2	B:ASP:822:N	B:GLU:725:OE1	B:HOH:1103:O	B:HOH:1119:O
0	lwb2	B:8V7:1000:N7	B:GLU:725:OE1	B:HOH:1103:O	B:HOH:1119:O
0	wb	B:GLU:725:OE1	B:PHE:823:N	B:HOH:1103:O
0	wb	B:ASN:747:ND2	B:TYR:675:OH	B:HOH:1125:O
0	wb	B:ASN:747:ND2	B:LYS:751:NZ	B:HOH:1125:O
0	wb	B:ASN:747:ND2	B:GLU:710:OE1	B:HOH:1125:O
0	wb	B:LYS:751:NZ	B:TYR:675:OH	B:HOH:1125:O
0	wb	B:GLU:710:OE1	B:TYR:675:OH	B:HOH:1125:O
0	wb	B:GLU:710:OE1	B:LYS:751:NZ	B:HOH:1125:O
0	wb	B:HIS:734:O	B:LYS:819:NZ	B:HOH:1104:O
0	wb	B:HIS:734:O	B:ILE:737:O	B:HOH:1104:O
0	wb	B:GLU:755:OE2	B:HIS:734:O	B:HOH:1104:O
0	wb	B:ILE:737:O	B:LYS:819:NZ	B:HOH:1104:O
0	wb	B:GLU:755:OE2	B:LYS:819:NZ	B:HOH:1104:O
0	wb	B:GLU:755:OE2	B:ILE:737:O	B:HOH:1104:O
0	wb	B:GLN:844:OE1	B:LEU:843:N	B:HOH:1105:O
0	wb	B:GLN:844:N	B:LEU:843:N	B:HOH:1105:O
0	wb	B:ASN:747:N	B:GLU:746:N	B:HOH:1127:O
0	wb	B:ASN:747:N	B:GLU:713:OE1	B:HOH:1127:O
0	wb	B:ASN:747:N	B:GLY:748:N	B:HOH:1127:O
0	wb	B:GLU:713:OE1	B:GLU:746:N	B:HOH:1127:O
0	wb	B:GLU:746:N	B:GLY:748:N	B:HOH:1127:O
0	wb	B:GLU:713:OE1	B:GLY:748:N	B:HOH:1127:O
0	wb	B:ASP:822:OD1	B:TYR:691:N	B:HOH:1106:O
0	wb	B:ASP:822:OD1	B:THR:690:N	B:HOH:1106:O
0	wb	B:ASP:822:OD1	B:LYS:709:NZ	B:HOH:1106:O
0	wb	B:ASP:822:OD1	B:GLU:725:OE2	B:HOH:1106:O
0	wb	B:THR:690:N	B:TYR:691:N	B:HOH:1106:O
0	wb	B:LYS:709:NZ	B:TYR:691:N	B:HOH:1106:O
0	wb	B:GLU:725:OE2	B:TYR:691:N	B:HOH:1106:O
0	wb	B:LYS:709:NZ	B:THR:690:N	B:HOH:1106:O
0	wb	B:GLU:725:OE2	B:THR:690:N	B:HOH:1106:O
0	wb	B:GLU:725:OE2	B:LYS:709:NZ	B:HOH:1106:O
0	wb	B:HIS:734:N	B:ILE:737:O	B:HOH:1128:O
0	wb	B:HIS:734:O	B:ILE:737:O	B:HOH:1128:O
0	wb	B:GLN:739:OE1	B:ILE:737:O	B:HOH:1128:O
0	wb	B:GLN:739:OE1	B:HIS:734:N	B:HOH:1128:O
0	wb	B:GLN:739:OE1	B:HIS:734:O	B:HOH:1128:O
0	wb	B:ASP:775:OD1	B:LYS:774:O	B:HOH:1107:O
0	wb	B:ASP:775:OD1	B:SER:906:OG	B:HOH:1107:O
0	wb	B:LYS:774:O	B:SER:906:OG	B:HOH:1107:O
0	wb	B:ARG:705:O	B:GLN:756:N	B:HOH:1108:O
0	wb	B:ASP:803:OD1	B:ILE:804:O	B:HOH:1109:O
0	wb2	B:LYS:819:NZ	B:SER:815:OG	B:HOH:1110:O	B:HOH:1142:O
0	wb	B:ASP:775:OD2	B:LYS:774:NZ	B:HOH:1132:O
0	wb2	B:GLN:756:O	B:GLU:755:OE1	B:HOH:1111:O	B:HOH:1115:O
0	wb	B:LYS:878:O	B:PRO:879:O	B:HOH:1113:O
0	wb	B:PRO:879:O	B:THR:876:OG1	B:HOH:1113:O
0	wb	B:LYS:878:O	B:THR:876:OG1	B:HOH:1113:O
0	wb	B:SER:763:OG	B:TYR:845:OH	B:HOH:1135:O
0	wb	B:ASP:807:OD1	B:TYR:845:OH	B:HOH:1135:O
0	wb	B:GLY:806:N	B:TYR:845:OH	B:HOH:1135:O
0	wb	B:ASP:807:N	B:TYR:845:OH	B:HOH:1135:O
0	wb	B:ASP:807:OD1	B:SER:763:OG	B:HOH:1135:O
0	wb	B:GLY:806:N	B:SER:763:OG	B:HOH:1135:O
0	wb	B:ASP:807:N	B:SER:763:OG	B:HOH:1135:O
0	wb	B:ASP:807:OD1	B:GLY:806:N	B:HOH:1135:O
0	wb	B:ASP:807:N	B:GLY:806:N	B:HOH:1135:O
0	wb	B:ARG:705:NH1	B:GLN:756:NE2	B:HOH:1114:O
0	wb	B:GLN:756:NE2	B:GLY:697:O	B:HOH:1114:O
0	wb	B:GLN:756:NE2	B:GLU:676:OE1	B:HOH:1114:O
0	wb	B:ARG:705:NH1	B:GLY:697:O	B:HOH:1114:O
0	wb	B:ARG:705:NH1	B:GLU:676:OE1	B:HOH:1114:O
0	wb	B:GLU:676:OE1	B:GLY:697:O	B:HOH:1114:O
0	wb2	B:ASN:812:ND2	B:GLN:756:O	B:HOH:1115:O	B:HOH:1117:O
0	wb	B:ASP:775:O	B:GLU:777:N	B:HOH:1137:O
0	wb2	B:ASN:776:OD1	B:GLU:777:N	B:HOH:1137:O	B:HOH:1141:O
0	wb2	B:GLN:778:N	B:GLU:777:N	B:HOH:1137:O	B:HOH:1141:O
0	wb2	B:ASP:775:O	B:GLU:777:N	B:HOH:1137:O	B:HOH:1141:O
0	wb2	B:ASN:776:OD1	B:ASP:775:O	B:HOH:1137:O	B:HOH:1141:O
0	wb2	B:ASP:775:O	B:GLN:778:N	B:HOH:1137:O	B:HOH:1141:O
0	wb2	B:ASP:678:OD2	B:VAL:685:N	B:HOH:1116:O	B:HOH:1130:O
0	wb	B:ARG:683:O	B:ASP:678:OD2	B:HOH:1116:O
0	wb2	B:ARG:683:O	B:VAL:685:N	B:HOH:1116:O	B:HOH:1130:O
0	wb2	B:ASN:812:ND2	B:LYS:819:NZ	B:HOH:1117:O	B:HOH:1142:O
0	wb2	B:ASP:775:OD2	B:LYS:774:N	B:HOH:1118:O	B:HOH:1132:O
0	wb	B:ASP:775:N	B:LYS:774:N	B:HOH:1118:O
0	wb	B:LYS:774:N	B:PRO:772:O	B:HOH:1118:O
0	wb2	B:ASP:775:N	B:LYS:774:NZ	B:HOH:1118:O	B:HOH:1132:O
0	wb2	B:ASP:775:OD2	B:PRO:772:O	B:HOH:1118:O	B:HOH:1132:O
0	wb2	B:LYS:774:NZ	B:PRO:772:O	B:HOH:1118:O	B:HOH:1132:O
0	wb	B:ASP:775:N	B:PRO:772:O	B:HOH:1118:O
0	lwb	B:8V7:1000:N7	B:ASP:822:N	B:HOH:1119:O
0	wb	B:ASN:776:OD1	B:GLU:777:N	B:HOH:1141:O
0	wb	B:GLN:778:N	B:GLU:777:N	B:HOH:1141:O
0	wb	B:ASN:776:OD1	B:GLN:778:N	B:HOH:1141:O
0	hp	B:ILE:799:CD1	B:LEU:728:CD1
0	hp	B:ILE:799:CD1	B:LEU:732:CD2
0	hp	B:LEU:732:CD1	B:LEU:794:CD2
0	hp	B:LEU:794:CD2	B:PHE:823:CE2
0	hp	B:ILE:726:CG1	B:ILE:752:CG1
0	hp	B:ILE:726:CG1	B:ILE:752:CD1
0	hp	B:LEU:788:CB	B:LEU:933:CD2
0	hp	B:LEU:788:CB	B:LEU:933:CG
0	hp	B:LEU:788:CD2	B:LEU:867:CD2
0	hp	B:ILE:804:CD1	B:LEU:791:CD2
0	hp	B:ILE:737:CG2	B:PHE:823:CZ
0	hp	B:ILE:737:CG2	B:PHE:823:CE1
0	hp	B:ILE:726:CD1	B:ILE:752:CG1
0	hp	B:ILE:752:CD1	B:LEU:722:CD1
0	hp	B:ILE:752:CD1	B:LEU:722:CG
0	hp	B:LEU:671:CD2	B:PHE:753:CD2
0	hp	B:LEU:671:CD2	B:PHE:753:CB
0	hp	B:LEU:671:CD2	B:PHE:753:CG
0	hp	B:LEU:671:CD2	B:PHE:753:CD1
0	hp	B:PHE:744:CD2	B:PHE:753:CE2
0	hp	B:PHE:744:CE1	B:PHE:753:CE2
0	hp	B:ILE:726:CD1	B:ILE:750:CG1
0	hp	B:ILE:726:CD1	B:ILE:750:CD1
0	hp	B:PHE:744:CZ	B:PHE:753:CZ
0	hp	B:PHE:744:CE2	B:PHE:753:CE2
0	hp	B:PHE:744:CZ	B:PHE:753:CE2
0	hp	B:PHE:744:CE1	B:PHE:753:CZ
0	hp	B:ILE:711:CG2	B:ILE:750:CG2
0	hp	B:LEU:938:CG	B:PHE:914:CE2
0	hp	B:LEU:932:CD2	B:PHE:914:CE2
0	hp	B:LEU:938:CD1	B:PHE:914:CE2
0	hp	B:LEU:932:CD2	B:PHE:914:CZ
0	hp	B:PHE:914:CD2	B:PHE:937:CB
0	hp	B:LEU:788:CD1	B:LEU:938:CD1
0	hp	B:LEU:788:CD1	B:PHE:914:CZ
0	hp	B:ILE:864:CG2	B:LEU:932:CD1
0	hp	B:LEU:788:CG	B:LEU:867:CD2
0	hp	B:ALA:847:CB	B:TRP:865:CB
0	hp	B:ILE:787:CG2	B:LEU:867:CD1
0	hp	B:ALA:847:CB	B:TRP:865:CG
0	hp	B:LEU:810:CD1	B:VAL:738:CG1
0	hp	B:ILE:706:CG2	B:LEU:741:CD1
0	hp	B:ILE:708:CG1	B:PHE:753:CD1
0	hp	B:ILE:708:CG2	B:PHE:753:CE1
0	hp	B:ILE:711:CB	B:LEU:722:CD2
0	hp	B:ILE:711:CG2	B:LEU:722:CD2
0	hp	B:PHE:914:CG	B:PHE:937:CD2
0	hp	B:ILE:871:CD1	B:PHE:914:CE1
0	hp	B:PHE:919:CB	B:TRP:865:CZ3
0	hp	B:PHE:919:CD1	B:TRP:865:CZ3
0	hp	B:PHE:919:CD1	B:TRP:865:CH2
0	hp	B:PHE:919:CD1	B:TRP:865:CD2
0	hp	B:PHE:919:CD1	B:TRP:865:CE3
0	hp	B:PHE:919:CD1	B:TRP:865:CZ2
0	hp	B:TRP:865:CZ2	B:VAL:894:CG1
0	hp	B:ILE:787:CG1	B:LEU:818:CD1
0	hp	B:LEU:818:CD1	B:VAL:809:CG1
0	hp	B:LEU:818:CG	B:VAL:809:CG1
0	hp	B:LEU:818:CD2	B:VAL:809:CG1
0	hp	B:ILE:787:CG1	B:LEU:818:CD2
0	hplp	B:8V7:1000:C12	B:LEU:810:CD1
0	hplp	B:8V7:1000:C12	B:ALA:707:CB
0	hplp	B:8V7:1000:C3	B:VAL:694:CG2
0	hp	B:PHE:749:CE2	B:PRO:712:CG
0	hp	B:ILE:903:CD1	B:LEU:916:CD1
0	hp	B:ALA:911:CB	B:PHE:937:CE1
0	hp	B:ILE:871:CG2	B:ILE:915:CG1
0	hp	B:ILE:871:CG2	B:ILE:915:CD1
0	hp	B:ILE:903:CG1	B:ILE:915:CG2
0	hp	B:ILE:903:CD1	B:ILE:915:CG2
0	hp	B:PHE:881:CE2	B:VAL:894:CG2
0	hp	B:PHE:881:CZ	B:VAL:894:CG2
0	hp	B:ILE:811:CD1	B:LEU:762:CD1
0	hp	B:ILE:811:CD1	B:TRP:770:CH2
0	hp	B:ALA:696:CB	B:LEU:686:CG
0	hp	B:ILE:780:CG1	B:LEU:773:CB
0	hp	B:LEU:766:CD2	B:LEU:773:CD1
0	hp	B:ILE:872:CG2	B:PRO:901:CB
0	hp	B:PHE:881:CD2	B:PRO:901:CG
0	hp	B:PHE:881:CE2	B:PRO:901:CG
0	hp	B:PHE:881:CZ	B:PRO:901:CG
0	hp	B:PRO:880:CB	B:PRO:901:CG
0	hp	B:ALA:890:CB	B:PHE:881:CG
0	hp	B:ALA:890:CB	B:PHE:881:CD2
0	hp	B:LEU:762:CD1	B:TRP:770:CZ3
0	hp	B:ALA:890:CB	B:PHE:881:CB
0	hp	B:ALA:696:CB	B:VAL:684:CG1
0	hp	B:ALA:696:CB	B:LEU:686:CD2
