C:GSP:395	Ligand	white
C:ALA:39	G1.hns1.G:hns1:3	white
C:THR:40	G1.S1.G:S1:1	#FFE900
C:HIS:41	G1.S1.G:S1:2	#FFE900
C:ARG:42	G1.S1.G:S1:3	#FFE900
C:LEU:43	G1.S1.G:S1:4	#FFE900
C:LEU:44	G1.S1.G:S1:5	#FFE900
C:LEU:45	G1.S1.G:S1:6	#FFE900
C:LEU:46	G1.S1.G:S1:7	#FFE900
C:GLY:47	G1.s1h1.G:s1h1:1	white
C:ALA:48	G1.s1h1.G:s1h1:2	white
C:GLY:49	G1.s1h1.G:s1h1:3	white
C:GLU:50	G1.s1h1.G:s1h1:4	white
C:SER:51	G1.s1h1.G:s1h1:5	white
C:GLY:52	G1.s1h1.G:s1h1:6	white
C:LYS:53	G1.H1.G:H1:1	#F57879
C:SER:54	G1.H1.G:H1:2	#F57879
C:THR:55	G1.H1.G:H1:3	#F57879
C:ILE:56	G1.H1.G:H1:4	#F57879
C:VAL:57	G1.H1.G:H1:5	#F57879
C:LYS:58	G1.H1.G:H1:6	#F57879
C:GLN:59	G1.H1.G:H1:7	#F57879
C:MET:60	G1.H1.G:H1:8	#F57879
C:ARG:61	G1.H1.G:H1:9	#F57879
C:ILE:62	G1.H1.G:H1:10	#F57879
C:LEU:63	G1.H1.G:H1:11	#F57879
C:HIS:64	G1.H1.G:H1:12	#F57879
C:VAL:65	G1.h1ha.G:h1ha:1	white
C:LYS:88	H2.HA.H:HA:4	#F57879
C:ALA:89	H2.HA.H:HA:5	#F57879
C:THR:90	H2.HA.H:HA:6	#F57879
C:LYS:91	H2.HA.H:HA:7	#F57879
C:VAL:92	H2.HA.H:HA:8	#F57879
C:GLN:93	H2.HA.H:HA:9	#F57879
C:ASP:94	H2.HA.H:HA:10	#F57879
C:ILE:95	H2.HA.H:HA:11	#F57879
C:LYS:96	H2.HA.H:HA:12	#F57879
C:ASN:97	H2.HA.H:HA:13	#F57879
C:ASN:98	H2.HA.H:HA:14	#F57879
C:LEU:99	H2.HA.H:HA:15	#F57879
C:LYS:100	H2.HA.H:HA:16	#F57879
C:GLU:101	H2.HA.H:HA:17	#F57879
C:ALA:102	H2.HA.H:HA:18	#F57879
C:ILE:103	H2.HA.H:HA:19	#F57879
C:GLU:104	H2.HA.H:HA:20	#F57879
C:THR:105	H2.HA.H:HA:21	#F57879
C:ILE:106	H2.HA.H:HA:22	#F57879
C:VAL:107	H2.HA.H:HA:23	#F57879
C:ALA:108	H2.HA.H:HA:24	#F57879
C:ALA:109	H2.HA.H:HA:25	#F57879
C:MET:110	H2.HA.H:HA:26	#F57879
C:SER:111	H2.HA.H:HA:27	#F57879
C:ASN:112	H2.HA.H:HA:28	#F57879
C:LEU:113	H2.HA.H:HA:29	#F57879
C:VAL:114	H2.hahb.H:hahb:1	white
C:PRO:115	H2.hahb.H:hahb:2	white
C:PRO:116	H2.hahb.H:hahb:3	white
C:VAL:117	H2.hahb.H:hahb:4	white
C:GLU:118	H2.hahb.H:hahb:5	white
C:LEU:119	H2.hahb.H:hahb:6	white
C:ALA:120	H2.hahb.H:hahb:7	white
C:ASN:121	H2.hahb.H:hahb:8	white
C:PRO:122	H2.hahb.H:hahb:9	white
C:GLU:123	H2.HB.H:HB:1	#F57879
C:ASN:124	H2.HB.H:HB:2	#F57879
C:GLN:125	H2.HB.H:HB:3	#F57879
C:PHE:126	H2.HB.H:HB:4	#F57879
C:ARG:127	H2.HB.H:HB:5	#F57879
C:VAL:128	H2.HB.H:HB:6	#F57879
C:ASP:129	H2.HB.H:HB:7	#F57879
C:TYR:130	H2.HB.H:HB:8	#F57879
C:ILE:131	H2.HB.H:HB:9	#F57879
C:LEU:132	H2.HB.H:HB:10	#F57879
C:SER:133	H2.HB.H:HB:11	#F57879
C:VAL:134	H2.HB.H:HB:12	#F57879
C:MET:135	H2.HB.H:HB:13	#F57879
C:ASN:136	H2.HB.H:HB:14	#F57879
C:VAL:137	H2.hbhc.H:hbhc:1	white
C:PRO:138	H2.hbhc.H:hbhc:2	white
C:ASP:139	H2.hbhc.H:hbhc:3	white
C:PHE:140	H2.hbhc.H:hbhc:4	white
C:ASP:141	H2.hbhc.H:hbhc:13	white
C:PHE:142	H2.hbhc.H:hbhc:14	white
C:PRO:143	H2.hbhc.H:hbhc:15	white
C:PRO:144	H2.HC.H:HC:1	#F57879
C:GLU:145	H2.HC.H:HC:2	#F57879
C:PHE:146	H2.HC.H:HC:3	#F57879
C:TYR:147	H2.HC.H:HC:4	#F57879
C:GLU:148	H2.HC.H:HC:5	#F57879
C:HIS:149	H2.HC.H:HC:6	#F57879
C:ALA:150	H2.HC.H:HC:7	#F57879
C:LYS:151	H2.HC.H:HC:8	#F57879
C:ALA:152	H2.HC.H:HC:9	#F57879
C:LEU:153	H2.HC.H:HC:10	#F57879
C:TRP:154	H2.HC.H:HC:11	#F57879
C:GLU:155	H2.HC.H:HC:12	#F57879
C:ASP:156	H2.hchd.H:hchd:1	white
C:GLU:157	H2.HD.H:HD:1	#F57879
C:GLY:158	H2.HD.H:HD:2	#F57879
C:VAL:159	H2.HD.H:HD:3	#F57879
C:ARG:160	H2.HD.H:HD:4	#F57879
C:ALA:161	H2.HD.H:HD:5	#F57879
C:CYS:162	H2.HD.H:HD:6	#F57879
C:TYR:163	H2.HD.H:HD:7	#F57879
C:GLU:164	H2.HD.H:HD:8	#F57879
C:ARG:165	H2.HD.H:HD:9	#F57879
C:SER:166	H2.HD.H:HD:10	#F57879
C:ASN:167	H2.HD.H:HD:11	#F57879
C:GLU:168	H2.HD.H:HD:12	#F57879
C:TYR:169	H2.hdhe.H:hdhe:1	white
C:GLN:170	H2.hdhe.H:hdhe:2	white
C:LEU:171	H2.hdhe.H:hdhe:3	white
C:ILE:172	H2.hdhe.H:hdhe:4	white
C:ASP:173	H2.hdhe.H:hdhe:5	white
C:CYS:174	H2.HE.H:HE:1	#F57879
C:ALA:175	H2.HE.H:HE:2	#F57879
C:GLN:176	H2.HE.H:HE:3	#F57879
C:TYR:177	H2.HE.H:HE:4	#F57879
C:PHE:178	H2.HE.H:HE:5	#F57879
C:LEU:179	H2.HE.H:HE:6	#F57879
C:ASP:180	H2.HE.H:HE:7	#F57879
C:LYS:181	H2.HE.H:HE:8	#F57879
C:ILE:182	H2.HE.H:HE:9	#F57879
C:ASP:183	H2.HE.H:HE:10	#F57879
C:VAL:184	H2.HE.H:HE:11	#F57879
C:ILE:185	H2.HE.H:HE:12	#F57879
C:LYS:186	H2.HE.H:HE:13	#F57879
C:GLN:187	H2.hehf.H:hehf:1	white
C:ASP:188	H2.hehf.H:hehf:2	white
C:ASP:189	H2.hehf.H:hehf:3	white
C:TYR:190	H2.hehf.H:hehf:4	white
C:VAL:191	H2.hehf.H:hehf:5	white
C:PRO:192	H2.hehf.H:hehf:6	white
C:SER:193	H2.hehf.H:hehf:7	white
C:ASP:194	H2.HF.H:HF:1	#F57879
C:GLN:195	H2.HF.H:HF:2	#F57879
C:ASP:196	H2.HF.H:HF:3	#F57879
C:LEU:197	H2.HF.H:HF:4	#F57879
C:LEU:198	H2.HF.H:HF:5	#F57879
C:ARG:199	H2.HF.H:HF:6	#F57879
C:CYS:200	G3.hfs2.G:hfs2:1	white
C:ARG:201	G3.hfs2.G:hfs2:2	white
C:VAL:202	G3.hfs2.G:hfs2:3	white
C:LEU:203	G3.hfs2.G:hfs2:4	white
C:THR:204	G3.hfs2.G:hfs2:5	white
C:SER:205	G3.hfs2.G:hfs2:6	white
C:GLY:206	G3.hfs2.G:hfs2:7	white
C:ILE:207	G3.S2.G:S2:1	#FFE900
C:PHE:208	G3.S2.G:S2:2	#FFE900
C:GLU:209	G3.S2.G:S2:3	#FFE900
C:THR:210	G3.S2.G:S2:4	#FFE900
C:LYS:211	G3.S2.G:S2:5	#FFE900
C:PHE:212	G3.S2.G:S2:6	#FFE900
C:GLN:213	G3.S2.G:S2:7	#FFE900
C:VAL:214	G3.S2.G:S2:8	#FFE900
C:ASP:215	G3.s2s3.G:s2s3:1	white
C:LYS:216	G3.s2s3.G:s2s3:2	white
C:VAL:217	G3.S3.G:S3:1	#FFE900
C:ASN:218	G3.S3.G:S3:2	#FFE900
C:PHE:219	G3.S3.G:S3:3	#FFE900
C:HIS:220	G3.S3.G:S3:4	#FFE900
C:MET:221	G3.S3.G:S3:5	#FFE900
C:PHE:222	G3.S3.G:S3:6	#FFE900
C:ASP:223	G3.S3.G:S3:7	#FFE900
C:VAL:224	G3.S3.G:S3:8	#FFE900
C:GLY:225	G3.s3h2.G:s3h2:1	white
C:GLY:226	G3.s3h2.G:s3h2:2	white
C:GLN:227	G3.s3h2.G:s3h2:3	white
C:ARG:228	G3.H2.G:H2:1	#F57879
C:ASP:229	G3.H2.G:H2:2	#F57879
C:GLU:230	G3.H2.G:H2:3	#F57879
C:ARG:231	G3.H2.G:H2:4	#F57879
C:ARG:232	G3.H2.G:H2:5	#F57879
C:LYS:233	G3.H2.G:H2:6	#F57879
C:TRP:234	G3.H2.G:H2:7	#F57879
C:ILE:235	G3.H2.G:H2:8	#F57879
C:GLN:236	G3.H2.G:H2:9	#F57879
C:CYS:237	G3.H2.G:H2:10	#F57879
C:PHE:238	G3.h2s4.G:h2s4:1	white
C:ASN:239	G3.h2s4.G:h2s4:2	white
C:ASP:240	G3.h2s4.G:h2s4:3	white
C:VAL:241	G3.h2s4.G:h2s4:4	white
C:THR:242	G3.h2s4.G:h2s4:5	white
C:ALA:243	G3.S4.G:S4:1	#FFE900
C:ILE:244	G3.S4.G:S4:2	#FFE900
C:ILE:245	G3.S4.G:S4:3	#FFE900
C:PHE:246	G3.S4.G:S4:4	#FFE900
C:VAL:247	G3.S4.G:S4:5	#FFE900
C:VAL:248	G3.S4.G:S4:6	#FFE900
C:ALA:249	G3.S4.G:S4:7	#FFE900
C:SER:250	G3.s4h3.G:s4h3:1	white
C:SER:251	G3.s4h3.G:s4h3:2	white
C:SER:252	G3.s4h3.G:s4h3:3	white
C:TYR:253	G3.s4h3.G:s4h3:4	white
C:ASN:254	G3.s4h3.G:s4h3:5	white
C:MET:255	G3.s4h3.G:s4h3:6	white
C:VAL:256	G3.s4h3.G:s4h3:7	white
C:ILE:257	G3.s4h3.G:s4h3:8	white
C:ARG:258	G3.s4h3.G:s4h3:9	white
C:GLU:259	G3.s4h3.G:s4h3:10	white
C:ASP:260	G3.s4h3.G:s4h3:11	white
C:ASN:261	G3.s4h3.G:s4h3:12	white
C:GLN:262	G3.s4h3.G:s4h3:13	white
C:THR:263	G3.s4h3.G:s4h3:14	white
C:ASN:264	G3.s4h3.G:s4h3:15	white
C:ARG:265	G3.H3.G:H3:1	#F57879
C:LEU:266	G3.H3.G:H3:2	#F57879
C:GLN:267	G3.H3.G:H3:3	#F57879
C:GLU:268	G3.H3.G:H3:4	#F57879
C:ALA:269	G3.H3.G:H3:5	#F57879
C:LEU:270	G3.H3.G:H3:6	#F57879
C:ASN:271	G3.H3.G:H3:7	#F57879
C:LEU:272	G3.H3.G:H3:8	#F57879
C:PHE:273	G3.H3.G:H3:9	#F57879
C:LYS:274	G3.H3.G:H3:10	#F57879
C:SER:275	G3.H3.G:H3:11	#F57879
C:ILE:276	G3.H3.G:H3:12	#F57879
C:TRP:277	G3.H3.G:H3:13	#F57879
C:ASN:278	G3.H3.G:H3:14	#F57879
C:ASN:279	G3.H3.G:H3:15	#F57879
C:ARG:280	G3.H3.G:H3:16	#F57879
C:TRP:281	G3.H3.G:H3:17	#F57879
C:LEU:282	G3.H3.G:H3:18	#F57879
C:ARG:283	G3.h3s5.G:h3s5:1	white
C:THR:284	G3.h3s5.G:h3s5:2	white
C:ILE:285	G3.h3s5.G:h3s5:3	white
C:SER:286	G3.S5.G:S5:1	#FFE900
C:VAL:287	G3.S5.G:S5:2	#FFE900
C:ILE:288	G3.S5.G:S5:3	#FFE900
C:LEU:289	G3.S5.G:S5:4	#FFE900
C:PHE:290	G3.S5.G:S5:5	#FFE900
C:LEU:291	G3.S5.G:S5:6	#FFE900
C:ASN:292	G3.S5.G:S5:7	#FFE900
C:LYS:293	G3.s5hg.G:s5hg:1	white
C:GLN:294	G3.HG.G:HG:1	#F57879
C:ASP:295	G3.HG.G:HG:2	#F57879
C:LEU:296	G3.HG.G:HG:3	#F57879
C:LEU:297	G3.HG.G:HG:4	#F57879
C:ALA:298	G3.HG.G:HG:5	#F57879
C:GLU:299	G3.HG.G:HG:6	#F57879
C:LYS:300	G3.HG.G:HG:7	#F57879
C:VAL:301	G3.HG.G:HG:8	#F57879
C:LEU:302	G3.HG.G:HG:9	#F57879
C:ALA:303	G3.HG.G:HG:10	#F57879
C:GLY:304	G3.HG.G:HG:11	#F57879
C:LYS:305	G3.HG.G:HG:12	#F57879
C:SER:306	G3.HG.G:HG:13	#F57879
C:LYS:307	G3.HG.G:HG:14	#F57879
C:ILE:308	G3.HG.G:HG:15	#F57879
C:GLU:309	G3.HG.G:HG:16	#F57879
C:ASP:310	G3.HG.G:HG:17	#F57879
C:TYR:311	G3.hgh4.G:hgh4:1	white
C:PHE:312	G3.hgh4.G:hgh4:2	white
C:PRO:313	G3.hgh4.G:hgh4:3	white
C:GLU:314	G3.hgh4.G:hgh4:4	white
C:PHE:315	G3.hgh4.G:hgh4:5	white
C:ALA:316	G3.hgh4.G:hgh4:6	white
C:ARG:317	G3.hgh4.G:hgh4:7	white
C:TYR:318	G3.hgh4.G:hgh4:8	white
C:THR:319	G3.hgh4.G:hgh4:9	white
C:THR:320	G3.hgh4.G:hgh4:10	white
C:PRO:321	G3.H4.G:H4:1	#F57879
C:GLU:322	G3.H4.G:H4:2	#F57879
C:ASP:323	G3.H4.G:H4:3	#F57879
C:ALA:324	G3.H4.G:H4:4	#F57879
C:THR:325	G3.H4.G:H4:5	#F57879
C:PRO:326	G3.H4.G:H4:6	#F57879
C:GLU:327	G3.H4.G:H4:7	#F57879
C:PRO:328	G3.H4.G:H4:8	#F57879
C:GLY:329	G3.H4.G:H4:9	#F57879
C:GLU:330	G3.H4.G:H4:10	#F57879
C:ASP:331	G3.H4.G:H4:11	#F57879
C:PRO:332	G3.H4.G:H4:12	#F57879
C:ARG:333	G3.H4.G:H4:13	#F57879
C:VAL:334	G3.H4.G:H4:14	#F57879
C:THR:335	G3.H4.G:H4:15	#F57879
C:ARG:336	G3.H4.G:H4:16	#F57879
C:ALA:337	G3.H4.G:H4:17	#F57879
C:LYS:338	G3.H4.G:H4:18	#F57879
C:TYR:339	G3.H4.G:H4:19	#F57879
C:PHE:340	G3.H4.G:H4:20	#F57879
C:ILE:341	G3.H4.G:H4:21	#F57879
C:ARG:342	G3.H4.G:H4:22	#F57879
C:ASP:343	G3.H4.G:H4:23	#F57879
C:GLU:344	G3.H4.G:H4:24	#F57879
C:PHE:345	G3.H4.G:H4:25	#F57879
C:LEU:346	G3.H4.G:H4:26	#F57879
C:ARG:347	G3.H4.G:H4:27	#F57879
C:ILE:348	G3.h4s6.G:h4s6:1	white
C:SER:349	G3.h4s6.G:h4s6:2	white
C:THR:350	G3.h4s6.G:h4s6:3	white
C:ALA:351	G3.h4s6.G:h4s6:4	white
C:SER:352	G3.h4s6.G:h4s6:8	white
C:GLY:353	G3.h4s6.G:h4s6:9	white
C:ASP:354	G3.h4s6.G:h4s6:10	white
C:GLY:355	G3.h4s6.G:h4s6:11	white
C:ARG:356	G3.h4s6.G:h4s6:12	white
C:HIS:357	G3.h4s6.G:h4s6:13	white
C:TYR:358	G3.h4s6.G:h4s6:20	white
C:CYS:359	G3.S6.G:S6:1	#FFE900
C:TYR:360	G3.S6.G:S6:2	#FFE900
C:PRO:361	G3.S6.G:S6:3	#FFE900
C:HIS:362	G3.S6.G:S6:4	#FFE900
C:PHE:363	G3.S6.G:S6:5	#FFE900
C:THR:364	G3.s6h5.G:s6h5:1	white
C:CYS:365	G3.s6h5.G:s6h5:2	white
C:ALA:366	G3.s6h5.G:s6h5:3	white
C:VAL:367	G3.s6h5.G:s6h5:4	white
C:ASP:368	G3.s6h5.G:s6h5:5	white
C:THR:369	G3.H5.G:H5:1	#F57879
C:GLU:370	G3.H5.G:H5:2	#F57879
C:ASN:371	G3.H5.G:H5:3	#F57879
C:ILE:372	G3.H5.G:H5:4	#F57879
C:ARG:373	G3.H5.G:H5:5	#F57879
C:ARG:374	G3.H5.G:H5:6	#F57879
C:VAL:375	G3.H5.G:H5:7	#F57879
C:PHE:376	G3.H5.G:H5:8	#F57879
C:ASN:377	G3.H5.G:H5:9	#F57879
C:ASP:378	G3.H5.G:H5:10	#F57879
C:CYS:379	G3.H5.G:H5:11	#F57879
C:ARG:380	G3.H5.G:H5:12	#F57879
C:ASP:381	G3.H5.G:H5:13	#F57879
C:ILE:382	G3.H5.G:H5:14	#F57879
